4731	
	0.1073922462	0.09372711093	0.09750853167	0.08675978301	0.0860445956
	0.08884119031	0.08675579865	0.09244117186	0.09107730671	0.4738590723
	0.5503800809	0.1033662768	0.1103393425	0.1230285357	0.1351165023
	0.1215968884	0.3450443518	0.4095410349	0.4483709857	0.1151717575
	0.1144679222	0.09655421866	0.09837550573	0.1088538437	0.1057831524
	0.1130296549	0.1067573707	0.1191721047	0.1219130866	0.1243334842
	0.1299510699	0.13766966	0.1567640415	0.1864163162	0.2216845998
	0.1955004143	0.5827319552	0.4854936609	0.5478872367	0.5995376097
	0.5253242555	0.1473097545	0.1341665811	0.1614348016	0.6520233963
	0.7004216701	0.7125938184	0.6890788152	0.6717757194	0.6076455572
	0.6374021984	0.6422434563	0.7217630561	0.09860263153	0.1038309365
	0.1136035454	0.09827966993	0.1041810859	0.1013238234	0.1247758507
	0.133028567	0.08758294506	0.09968679267	0.1226602185	0.09042345894
	0.1132238197	0.09210922111	0.1006829553	0.1018513734	0.1144233681
	0.1205371836	0.1237499878	0.125986784	0.1154555274	0.1117315551
	0.1428315684	0.1369445052	0.1299019641	0.1198316186	0.140908533
	0.1593660215	0.289575078	0.2150881899	0.1433603831	0.251316472
	0.2267049793	0.1797392519	0.2029921821	0.159771333	0.1783657689
	0.3275725904	0.3401311696	0.2668539288	0.3546472425	0.2793395433
	0.3097222412	0.2550370542	0.3940060134	0.4352698638	0.2849845416
	0.2700203809	0.2623811994	0.4345749917	0.3143363084	0.3753749298
	0.3997783745	0.2412434906	0.2349377485	0.3709533222	0.2590952209
	0.2580135676	0.3949380925	0.3050697582	0.307963307	0.2445548056
	0.6193305797	0.573744659	0.4966045525	0.5309617704	0.6833432072
	0.6346432021	0.5769899589	0.6762337581	0.6845829853	0.6510256163
	0.4515372032	0.324511886	0.3578743597	0.4180053016	0.1495908561
	0.1622277381	0.1368065561	0.1374135806	0.1738969453	0.161720671
	0.1847970485	0.1746484353	0.2047951739	0.2521774113	0.3172971731
	0.2906862693	0.36624394	0.3797154817	0.4444616899	0.5066058305
	0.496471087	0.4292857065	0.12354581	0.1362440143	0.1297993994
	0.1578931451	0.1644234691	0.1624701774	0.1341543494	0.1714954061
	0.1456657759	0.186523567	0.1823327508	0.1463935103	0.1855810394
	0.1466515817	0.1834826785	0.146315034	0.1850881248	0.1836874263
	0.1425262411	0.1467573542	0.1659501346	0.174897547	0.1644095116
	0.1475467905	0.1585322699	0.1696591467	0.1664235427	0.6634838367
	0.566394969	0.7042086889	0.6161450739	0.6589962146	0.6129041653
	0.5545894369	0.6960200668	0.7335468886	0.2119037755	0.1964913165
	0.1878688872	0.7380920639	0.7480908905	0.7714891013	0.7811389776
	0.7571382334	0.7356346832	0.7913267783	0.7659951314	0.7849136786
	0.7474071422	0.7931564614	0.7365869713	0.8042459802	0.7405673874
	0.7047756254	0.7528648058	0.7579692245	0.6632674962	0.6855212152
	0.7105753999	0.8122731248	0.8011781597	0.8331251071	0.7946357104
	0.8100122616	0.7434984191	0.7500004118	0.8106174441	0.7826330313
	0.8133361195	0.7547163491	0.146049746	0.1487414217	0.1756979241
	0.1644611419	0.1891488406	0.163219401	0.1554636992	0.1816970112
	0.1771537533	0.1707176584	0.1490603631	0.1394076306	0.1633238517
	0.1305966826	0.1775870083	0.1771971549	0.1403473293	0.1518284625
	0.165284985	0.1950641124	0.2437047442	0.1851090441	0.282027677
	0.2608293732	0.2388056889	0.1793421322	0.1735926773	0.2418262673
	0.226662098	0.218122827	0.1948507816	0.3354928325	0.3848744413
	0.3793427935	0.3539580342	0.3171036729	0.357779638	0.3401362292
	0.3049838767	0.2935702911	0.3700459331	0.2707446946	0.5005964663
	0.4425318201	0.427386263	0.4093572036	0.403183812	0.4009425163
	0.3958391364	0.4308160721	0.4492165205	0.4106529409	0.3677593325
	0.46363663	0.4372291812	0.4743157459	0.4557245256	0.2259673529
	0.2207963384	0.2271704812	0.2165416471	0.340597871	0.1915095828
	0.2445897518	0.2904256293	0.1807784939	0.2341486161	0.1976440038
	0.228907514	0.2067600196	0.182895757	0.2111251774	0.4248030837
	0.3871540619	0.4772029494	0.4598299313	0.2572804572	0.2563953139
	0.3321824817	0.2943465975	0.7030961525	0.6250597258	0.5430182874
	0.7727859395	0.7036282822	0.7436008916	0.7041620549	0.7428586762
	0.6736410836	0.6194784778	0.5883144896	0.5249866545	0.6628670143
	0.2651588553	0.2660189625	0.2614428327	0.2826871494	0.3272150156
	0.3411605079	0.4243153285	0.3825114895	0.6744343765	0.6088030519
	0.7266125544	0.6539288402	0.5763199705	0.3877334669	0.484396419
	0.5442205083	0.602924896	0.4290205353	0.4876604388	0.5164912189
	0.5844338908	0.6194567829	0.5523754513	0.4811725277	0.548092328
	0.4595321063	0.340178833	0.280021745	0.3076275316	0.2699087672
	0.4737689485	0.4575526627	0.4186074691	0.3820805421	0.4077375294
	0.3729232145	0.3831479226	0.3810770473	0.5702208086	0.5218327793
	0.6530014643	0.5952355571	0.7457440606	0.7251678682	0.6693684459
	0.7921651165	0.6996509025	0.8089438039	0.1972605412	0.1914101328
	0.1878257523	0.2091476445	0.2168838069	0.2063325822	0.2289693198
	0.2198268301	0.2165959776	0.4762412376	0.1843430359	0.3826797679
	0.4585048962	0.3346613857	0.2629360235	0.4106164372	0.3095450403
	0.2583208914	0.2007088623	0.2180528105	0.540423065	0.5211245977
	0.5976774316	0.5804547591	0.195078789	0.2366045208	0.2228524909
	0.2114805983	0.2271750205	0.2725541268	0.2547240666	0.2288370295
	0.2292217497	0.2734325967	0.2239957969	0.2627817561	0.2329533002
	0.2342574346	0.2872278838	0.2698611663	0.2966512478	0.2286051912
	0.2910174137	0.2334271334	0.2215748035	0.2934822099	0.2838678704
	0.6512960986	0.6328760527	0.6766449356	0.6920579155	0.7274635342
	0.7643230266	0.7110009556	0.7499224784	0.8290405461	0.7973762324
	0.8152351899	0.7824290935	0.2330069425	0.2511312717	0.2398379856
	0.8531262206	0.8234802102	0.819234827	0.840982008	0.8260824256
	0.8471401938	0.8577924994	0.8442753548	0.8834530097	0.8154353766
	0.8144981728	0.8147295452	0.8140036996	0.8150499729	0.8974605605
	0.8976118586	0.8854738335	0.8545427387	0.8676884969	0.9175093172
	0.8668352965	0.9048130426	0.8776251102	0.8364543905	0.8902537833
	0.8063381437	0.8969075286	0.8666240611	0.8402540605	0.8651860929
	0.8909490585	0.8636194449	0.9138392935	0.8708520768	0.2321750971
	0.2019238742	0.204115075	0.2332220288	0.1952807917	0.2090726971
	0.2100817801	0.2045851558	0.2011761796	0.2111533137	0.2109186089
	0.1984187544	0.2264535103	0.2229093171	0.1957455863	0.2170731393
	0.2119344526	0.1924080905	0.2000956542	0.2056750642	0.1878278054
	0.1789445997	0.200696833	0.2537576053	0.2624852293	0.2698253111
	0.2782151594	0.2767612629	0.324054321	0.3100080484	0.3080304875
	0.341765048	0.2920103855	0.302042122	0.2896663696	0.3769620952
	0.3876643958	0.3689823859	0.3246102379	0.2990788265	0.3501128771
	0.2609244855	0.3035928504	0.6188626223	0.5479756252	0.7271580785
	0.7268018442	0.6177343982	0.4031772633	0.4453989414	0.5501688143
	0.4837204594	0.3849635642	0.3966398686	0.3793995099	0.3752242748
	0.4107111625	0.7419647862	0.29108537	0.2461543578	0.3507130032
	0.3151845121	0.2104832922	0.2732566983	0.3237278478	0.2006440329
	0.23754649	0.4346344247	0.3737191754	0.2828699293	0.3463544839
	0.4811280703	0.4978852732	0.4714128642	0.4156636291	0.2610096124
	0.2422894515	0.3374575009	0.3380211024	0.3917525333	0.280280651
	0.3396083128	0.4288812283	0.5079035935	0.3154522683	0.3330627313
	0.2263591277	0.492434091	0.4746267166	0.5217378524	0.4655356879
	0.4214650122	0.5280691815	0.4247931641	0.5136156963	0.5464942081
	0.5788781369	0.4615982372	0.498485373	0.434617963	0.4297189854
	0.3879658949	0.3843741387	0.3685308838	0.5289791595	0.4819231068
	0.4322138902	0.5743615585	0.3554564333	0.4540248338	0.5129641197
	0.4017164941	0.3654908461	0.3876630251	0.4323000762	0.4089738657
	0.4052807676	0.3078286148	0.3158928625	0.5807639379	0.5031830595
	0.5061092454	0.5636274516	0.4497160272	0.3939814939	0.4834977661
	0.3697851857	0.3964620318	0.3757879786	0.2961374226	0.3242607345
	0.3099828546	0.4159173764	0.3443405448	0.3036347801	0.3056398806
	0.3914189209	0.391473628	0.327493627	0.6198335964	0.3713939147
	0.3706050129	0.3764200724	0.392484759	0.4591861002	0.397602345
	0.4731845701	0.442334762	0.449430856	0.4874796583	0.4192230211
	0.4232130428	0.5005155057	0.5107666189	0.9278520084	0.8008783261
	0.9439716629	0.7760814665	0.8900227077	0.8378248109	0.8813061871
	0.9258915631	0.9071136374	0.8978786039	0.8226866721	0.8355887176
	0.8468390472	0.9140715561	0.771500226	0.8908523525	0.8417887407
	0.8562476235	0.8770636352	0.8673093687	0.2570987024	0.2606300602
	0.2281064908	0.2390815946	0.2516119668	0.2363966987	0.2459434445
	0.274992232	0.261378138	0.2651198087	0.248599696	0.259425255
	0.5569442249	0.4891753804	0.4263180298	0.360535549	0.5382513704
	0.498843512	0.4198911456	0.3525844969	0.6120914731	0.6547097209
	0.5918715379	0.6341005585	0.3118667583	0.2957923818	0.2913384468
	0.2765058638	0.3332647128	0.3223370342	0.3160566779	0.3021703879
	0.358185642	0.3535885203	0.349099426	0.3107544169	0.4186827299
	0.4035791211	0.3717055655	0.3537314693	0.342446704	0.3626095225
	0.4190338793	0.6934781153	0.6717167399	0.7092071751	0.7320829898
	0.7660077736	0.7745215037	0.798331798	0.7427791462	0.8506477253
	0.8265381456	0.8256739464	0.8019290158	0.2705397544	0.2772209346
	0.2657667841	0.8830979238	0.8919235459	0.9099891149	0.9026515644
	0.9354246122	0.9704199755	0.9470650582	0.9466396701	0.9792303075
	0.9558455324	0.9693944524	0.9879416075	0.9740122181	0.9512592123
	0.9204517823	0.9714825144	0.9419496512	0.9178713641	0.9114767433
	0.9329879279	0.9595140022	0.9420304239	0.9273304488	0.8952706087
	0.9127507743	0.8840776261	0.9057552734	0.8911686801	0.1160085589
	0.1583185499	0.1485020654	0.1113678278	0.08665589052	0.08982769876
	0.07460361639	0.2463308548	0.2461093715	0.2391147173	0.2598586664
	0.2198940475	0.2112322901	0.2159453827	0.2077234828	0.1973660602
	0.2255565102	0.2181196328	0.2322781935	0.225310211	0.2346529812
	0.1204656389	0.1246273683	0.1818569987	0.1696410649	0.06074386745
	0.07353942947	0.07117027451	0.06667688869	0.2355408279	0.1590933044
	0.2456396863	0.2645302952	0.2149364311	0.2337379075	0.1335539138
	0.1915330482	0.1211458935	0.2243419742	0.1161744503	0.1343419321
	0.1237296666	0.2320391714	0.1569516099	0.1422652657	0.1932870586
	0.1901185046	0.6526230978	0.4081573471	0.495233443	0.6186127238
	0.4140568843	0.5058298904	0.378391789	0.3778469493	0.4267108394
	0.3875663192	0.4742796795	0.4020053452	0.4455771822	0.4941911018
	0.4679253335	0.4921439338	0.5257768902	0.7198492808	0.5699560545
	0.8265821737	0.6851717173	0.1544366648	0.1459333917	0.1671292597
	0.1680493	0.168594271	0.1605150649	0.1697264641	0.1829206379
	0.2463467927	0.2079696309	0.3153075332	0.1777721523	0.3813340523
	0.2559691499	0.2038043673	0.4118585	0.3024684573	0.4480501368
	0.5079962274	0.4188854615	0.4439272189	0.5408680287	0.4322989931
	0.4885845734	0.5589684046	0.5176915982	0.5070392343	0.5343963714
	0.5345710975	0.5859674073	0.6442293228	0.605276347	0.6221546923
	0.5775071341	0.591692016	0.6058766794	0.6351200504	0.6335816071
	0.595986411	0.3653611809	0.3531406281	0.3611242207	0.3754470419
	0.374913995	0.3615587181	0.390724085	0.367171144	0.4185056478
	0.4227609158	0.450108283	0.3865851649	0.3398618145	0.367700953
	0.380074398	0.395766455	0.3403036885	0.3457903863	0.349293849
	0.5987877428	0.5797306484	0.6442021375	0.6526335124	0.4992611373
	0.5002517405	0.6326138934	0.4080431111	0.317834925	0.3500905356
	0.3957795399	0.3116100848	0.3870078103	0.3092019698	0.5184179179
	0.5985062453	0.4985658599	0.4505865764	0.4232130094	0.4796815597
	0.5365728074	0.627534961	0.6448954493	0.5940601466	0.6568263517
	0.5230014869	0.4547810636	0.4813065452	0.4875755729	0.5311631494
	0.5450881791	0.5450694398	0.5160525383	0.5405343027	0.5246196844
	0.5044627586	0.546400241	0.5483961472	0.5405768824	0.5077490697
	0.5239997625	0.5326700075	0.5138457152	0.533736018	0.5214282818
	0.5295325819	0.515941879	0.9948580753	0.9673348667	0.9944698312
	0.9790749432	0.9843425361	0.9576901373	0.9523291738	0.9879129529
	0.9603663947	0.976624165	0.943453545	0.9837931648	0.8494978846
	0.8472593947	0.9235746752	0.963844992	0.9197352217	0.9537058824
	0.8696333575	0.8596398512	0.8461511212	0.878768183	0.2813967162
	0.3223240694	0.2900262849	0.2787845681	0.3016002232	0.2728225921
	0.2862359353	0.3106605215	0.2954039256	0.2762927991	0.2946658196
	0.3265251865	0.684990355	0.4711005374	0.6100828518	0.5762431826
	0.5690937988	0.5318137826	0.5224716427	0.4748018534	0.655847994
	0.6482306373	0.6137756215	0.5198195735	0.3490185976	0.3789290286
	0.3448485113	0.3698401256	0.5026564642	0.3960428662	0.4349858308
	0.4326528883	0.3963923296	0.4050770341	0.471050521	0.4266698515
	0.3926695073	0.4611315098	0.8354076109	0.7181722765	0.6886580474
	0.7184257759	0.7498311028	0.7766296628	0.8210874725	0.745232023
	0.7912313312	0.7711866656	0.8015562962	0.8091567371	0.2923481533
	0.2890923891	0.2852705279	0.2902178264	0.9442154967	0.9386170729
	0.921565205	0.9287000068	  1	0.993162324	0.9960966398
	0.9892640084	0.9862595964	0.9995592314	0.995421858	0.9944762852
	0.9662223562	0.979886037	0.9698580499	0.975227449	0.9534172268
	0.9577850088	0.9858153585	0.9099736766	0.9096110835	0.9264623274
	0.8964580276	0.8624033253	0.8919693631	0.8800515596	0.8658003111
	0.148649788	0.1377239779	0.08732725968	0.07301555125	0.07606218887
	0.07295330689	0.08451566416	0.0742355485	0.07723753115	0.2058973329
	0.1958890789	0.08008942685	0.08291920205	0.106822971	0.1333852915
	0.1354012666	0.1039018571	0.2006468883	0.0909055631	0.04885338395
	0.03440447435	0.06772205385	0.04279993169	0.05410479909	0.0360877246
	0.06037266858	0.113335453	0.1005172742	0.0988225621	0.1036321442
	0.09413543078	0.125626494	0.1146210096	0.1051065503	0.1312214975
	0.09208571098	0.1216406554	0.1413415494	0.0221435754	0.01608283624
	0.02153702334	0.4030417225	0.3789045565	0.4190598951	0.4102256272
	0.378269988	0.4503438115	0.4312522324	0.4761546166	0.4391102169
	0.4888342546	0.5020000119	0.4995726929	0.5084798391	0.4871191898
	0.4990490083	0.3808007852	0.6061163337	0.7769146562	0.4657796076
	0.6476254096	0.3979800421	0.7509146402	0.5039233201	0.1580141729
	0.1465253041	0.1562830246	0.1650727729	0.1782347683	0.1696377642
	0.1736982022	0.1824317514	0.2666109333	0.1965890542	0.1867829569
	0.2020248677	0.3383979058	0.4801539604	0.5719210494	0.501168647
	0.3690051067	0.2328275842	0.5769042607	0.51681245	0.4061222976
	0.4322363657	0.4335932909	0.5845817167	0.5750419769	0.4028761313
	0.4157345694	0.3850851916	0.5432671583	0.6183852417	0.5173616945
	0.4760520576	0.5567236637	0.4324204149	0.4015338566	0.5126896261
	0.566847977	0.5503964839	0.4291748519	0.5370989735	0.4497399731
	0.4695319365	0.5504817388	0.4512902357	0.5205266036	0.4966186161
	0.4767995617	0.5572685816	0.5908099832	0.5601856273	0.6528614371
	0.6366919475	0.537270273	0.5853161583	0.659350585	0.6112812056
	0.6511967507	0.6340194117	0.6476142949	0.6524771032	0.6205890944
	0.4765913475	0.5486150042	0.5962033528	0.6348220133	0.568109681
	0.567066859	0.5666138151	0.5831485488	0.5234732197	0.5523459632
	0.5219859327	0.5363461582	0.5361983334	0.5580140302	0.545249065
	0.5628578054	0.5528041029	0.545574124	0.5225602416	0.5157303847
	0.5034019607	0.496352367	0.5031099048	0.5027514455	0.479284192
	0.4643183114	0.4423499208	0.4780321408	0.4277386681	0.4669556123
	0.6778643271	0.9960281742	0.9928565152	0.9895714244	0.9986072436
	0.9862614045	0.9865961209	0.992203419	0.9837617122	0.9680941738
	0.9770725285	0.9701217824	0.9785126236	0.7380128707	0.8854933015
	0.9466638431	0.9144112123	0.8633680526	0.7981326444	0.9259029633
	0.8524749746	0.9602628499	0.9512587792	0.9456430564	0.9600902712
	0.8434758342	0.848858443	0.8224551899	0.8181993673	0.3019609236
	0.3158817736	0.3067262947	0.2993814009	0.3783266581	0.3314677885
	0.3275238438	0.3468911536	0.3669781089	0.3495804462	0.3152302479
	0.7971838541	0.5039375368	0.642138307	0.6871574228	0.657787265
	0.577641881	0.5589779688	0.6064180617	0.6192188164	0.5380539546
	0.5826553182	0.5435595581	0.4395705889	0.4092144817	0.4695482648
	0.4752210332	0.5073987905	0.3960415896	0.4414664863	0.7784894955
	0.757778535	0.7697648012	0.7915098483	0.6680246298	0.697220827
	0.738478584	0.7438205013	0.7192021755	0.7121774125	0.7596424227
	0.2946439795	0.2936314976	0.2920752682	0.2912192592	0.3135146743
	0.3011954432	0.3022898624	0.3162611919	0.8226368019	0.973628602
	0.9526798747	0.9226144948	0.9332596994	0.9404877812	0.9769612908
	0.9839662087	0.9495872094	0.958677501	0.982160102	0.964324272
	0.9544431997	0.9425627049	0.9746795891	0.9628196414	0.9003685092
	0.8768623819	0.9096909107	0.8471034366	0.8746491765	0.820252448
	0.8498381691	0.1422870207	0.1166871046	0.1216252363	0.1296383149
	0.09259116395	0.08786388424	0.1076519058	0.1040568981	0.05805495788
	0.08628009617	0.07272326654	0.07535098047	0.08978533894	0.05003895277
	0.09652697071	0.02522074633	0.01676307807	0.01902882793	0.02307048708
	0.04412706561	0.04138308101	0.05556984422	0.05721701798	0.06702359338
	0.0513322463	0.06173359447	0.05305637885	0.07721733377	0.08111960409
	0.04393024228	0.01104182916	0.007515829215	0.007857473581	0.01190191518
	0.005584927981	0.00536582774	0.003670513663	0.3832309822	0.4441344263
	0.4025977484	0.4611930042	0.4045006808	0.4896331626	0.4713188419
	0.4789338512	0.4817626323	0.4417961728	0.4154283152	0.4503638254
	0.4180772635	0.3749455872	0.4379476491	0.6121336913	0.4205643744
	0.3757556816	0.5431374748	0.4933274646	0.4082106297	0.275669244
	0.3362326515	0.1545986908	0.1684078111	0.1336289521	0.1547971752
	0.1794319333	0.190163431	0.17104859	0.1998643772	0.223749917
	0.2017762997	0.1859696085	0.307759651	0.2771635545	0.2167387621
	0.2645874207	0.2538381049	0.3143287745	0.3118134879	0.2382713287
	0.3069901539	0.2272806919	0.3134776445	0.2516833426	0.2387663062
	0.2846411721	0.2557061208	0.3189846534	0.2167383818	0.2428744357
	0.2955580886	0.3393045724	0.3583604905	0.4246921006	0.2228106231
	0.2542692041	0.239977599	0.2807949999	0.6288768888	0.5988604395
	0.6160327549	0.5773412683	0.5567882692	0.5518246814	0.6286625562
	0.5326870368	0.3960067746	0.5039202512	0.5719964464	0.6394874127
	0.453952307	0.6543122626	0.6176301922	0.4932030274	0.6020370265
	0.5958581191	0.3835795601	0.5050595703	0.3651746032	0.4263120912
	0.4155897946	0.5119630621	0.4121069915	0.3755761801	0.5013760353
	0.3354715072	0.5067719716	0.4524051343	0.3144656466	0.3594507475
	0.4719695825	0.3513699336	0.4772871468	0.3997938732	0.3864458102
	0.5592540125	0.5369022028	0.7743098094	0.8010664022	0.6922741801
	0.674943411	0.6328094509	0.6139031616	0.944644493	0.9688642771
	0.94081209	0.9657422821	0.9680139364	0.9421557028	0.9567040102
	0.9411317513	0.9463850315	0.9309519394	0.9222151116	0.8838099924
	0.8526484598	0.8808999369	0.9063894445	0.9180209934	0.927603586
	0.9064008257	0.9017551099	0.9197202928	0.9399293387	0.9244964198
	0.9339969735	0.796468886	0.7960986239	0.7705485116	0.7610569051
	0.3565522886	0.3326279764	0.3561292184	0.3351028247	0.3817464286
	0.4055482797	0.4244080943	0.3806696697	0.743412086	0.7357343077
	0.711331497	0.7354349823	0.6531813038	0.5423288016	0.6225403334
	0.5825089468	0.5076071701	0.6043531999	0.5632619096	0.4723580544
	0.5257093785	0.4519801848	0.4868524927	0.7224438675	0.7030059325
	0.676932474	0.7036863446	0.6280995899	0.6623639532	0.6824291142
	0.3498230544	0.288483456	0.2821331515	0.2982158037	0.2976574875
	0.2877660258	0.290680472	0.3096870509	0.3413138133	0.3264295547
	0.312954448	0.8196356871	0.7754321686	0.7572351203	0.7907971445
	0.9129503235	0.8794039715	0.8867126751	0.9270461895	0.9271926361
	0.8988010981	0.891026391	0.9145265854	0.8823890098	0.9159320612
	0.9358838484	0.8544160355	0.8194891525	0.802169855	0.8458480375
	0.5705380209	0.5594326196	0.4910352698	0.5006092593	0.1297829211
	0.1081073626	0.08911983165	0.08960897895	0.10970247	1.392392253e-005
	1.65913853e-006	7.000542713e-006	3.671039803e-067	1.497894918e-005	1.325373399e-066
	0.05831047548	0.07183566538	0.07217343557	0.05937137068	0.03304693149
	0.02753711312	0.02162114738	0.0271680826	0.01357793972	0.01836766034
	0.009084287728	0.01312476812	0.04213876581	0.03381998163	0.03616701346
	0.02919371716	0.0489364205	0.03755196763	0.04059938426	0.04755277639
	0.006312494014	0.004036123637	0.001726342187	0.005467675047	0.003897925789
	0.009057717993	0.002896350094	0.4272336371	0.3501172614	0.4493858359
	0.4656195787	0.4555464352	0.4669972885	0.3778990577	0.4079450045
	0.348066966	0.3281406933	0.4327059975	0.4098921735	0.3791464338
	0.2995644994	0.422591692	0.3955459612	0.3609562576	0.35896779
	0.4406346414	0.4239983832	0.3716426057	0.4337509841	0.4443723019
	0.3929349967	0.3985501027	0.378676802	0.2152959869	0.2298690864
	0.2080283574	0.1994937696	0.2338454826	0.1514811738	0.15023384
	0.1766289084	0.1272991719	0.2031483402	0.1978718589	0.177243846
	0.2248430606	0.205591938	0.2167061295	0.1786854742	0.2072341115
	0.1924242349	0.1852025491	0.1232116078	0.1779540847	0.2080721793
	0.161918891	0.1932775325	0.1763841523	0.3059469052	0.3174298281
	0.2241134593	0.2120298371	0.2619191091	0.2506951768	0.1908251087
	0.3733941939	0.4240562384	0.3284834312	0.3025378619	0.369421815
	0.2829959925	0.4002524626	0.2379560098	0.2920202339	0.2595467
	0.3464942952	0.2879994159	0.254349306	0.3897681266	0.3950430579
	0.5138110678	0.2222115916	0.2486430642	0.2545575642	0.2794275932
	0.2587103574	0.2989586096	0.3175530229	0.2347252173	0.219223385
	0.4860849642	0.4439745067	0.5858086369	0.4944606177	0.5455746195
	0.5369506133	0.5029867412	0.8527249381	0.7327173012	0.6951321447
	0.7784179633	0.6743011242	0.6827813198	0.812068144	0.7668006981
	0.8206567514	0.6315675086	0.6239519816	0.6489907099	0.5906082616
	0.8838016985	0.9092548563	0.8675381069	0.8763487224	0.8591965555
	0.8936181749	0.9022385114	0.8231319698	0.849857675	0.8858857699
	0.8371678334	0.8646860861	0.863523879	0.8918811619	0.8726009516
	0.816396656	0.9042070997	0.8473038578	0.8474492754	0.2812718776
	0.2653732319	0.2713564609	0.274570334	0.7428832033	0.7103488536
	0.7220458987	0.7033885355	0.6760690516	0.6944300284	0.3689812973
	0.4026710963	0.4405022224	0.4619443625	0.4114389505	0.377348669
	0.4292807829	0.6783159966	0.6568928462	0.6637471004	0.6388066488
	0.578297073	0.6132363019	0.5683994849	0.536952038	0.4958950317
	0.4725421946	0.5252112776	0.6411142703	0.6233722804	0.5960087994
	0.3989940875	0.3774030335	0.3047264777	0.2866572858	0.3570841727
	0.2980775253	0.3234150742	0.336305362	0.7739839377	0.7211852755
	0.7354874231	0.7568507633	0.6757606571	0.6848019273	0.6588150863
	0.6968240551	0.6451702854	0.7434534956	0.8499465143	0.8323917591
	0.798865925	0.8102616237	0.8202718131	0.8403576975	0.8560750077
	0.7739346365	0.7389236258	0.7835732249	0.3726482324	0.3585245373
	0.4200612452	0.4102485211	0.3613961981	0.3334242557	0.08502967768
	0.08227361563	0.1010881719	0.1029991415	0.06816848889	0.05640527873
	0.05750104271	0.06995180075	0.001175766791	1.049841209e-065	2.110310815e-066
	0.0001676184964	0.002156783332	0.001663061564	8.659975021e-005	0.0002969493417
	0.001526763069	0.002479141483	0.04643059615	0.0376886728	0.04747055609
	0.03935252466	0.02738128829	0.01675775823	0.02252567819	0.02324712258
	0.002927038417	0.01229204962	0.01675290658	0.01238641324	0.00717482027
	0.02689864879	0.02467135369	0.03192920171	0.02677051633	0.0300792701
	0.0327882883	0.03153576865	0.005555819307	0.006036134054	0.007049304026
	0.3708057686	0.3695803692	0.3421391284	0.3470013369	0.3330700653
	0.3571813069	0.3549709071	0.3235405033	0.3202013069	0.3356335998
	0.3653957156	0.3864891993	0.287615034	0.3187021396	0.3224341583
	0.273182199	0.3549492832	0.19951179	0.2315126429	0.2084147926
	0.2453411937	0.389082028	0.3859876338	0.4110072529	0.3884027371
	0.3060393226	0.3963959313	0.3444771639	0.3017097905	0.4197839798
	0.3771667944	0.3609863465	0.1799615046	0.1716622847	0.1468766456
	0.1340770773	0.1617393801	0.1804147904	0.1677208203	0.1433679484
	0.07724921631	0.09557095797	0.1317783358	0.09447976729	0.07407562568
	0.1201734887	0.145946809	0.1514281827	0.15335352	0.12021089
	0.119185722	0.1206053769	0.1314087657	0.109950049	0.1448732236
	0.1150596232	0.1580182244	0.1775033497	0.1262785232	0.1984666503
	0.1567088176	0.1384137819	0.1831654116	0.1413303281	0.1936135725
	0.1293455661	0.1752582418	0.2107865648	0.1664798489	0.2200399211
	0.2260319307	0.149675662	0.1665727889	0.1916381506	0.1724179825
	0.1505387681	0.1387066486	0.1553882888	0.5830532116	0.3622027419
	0.462977733	0.387557165	0.4225269106	0.3928827624	0.4535750549
	0.4149579812	0.5039118538	0.5498356139	0.5482417389	0.4659813638
	0.4228596064	0.4698047217	0.5102355361	0.7728066335	0.7535501512
	0.7789114047	0.7573147067	0.7456503481	0.6368513822	0.6948911142
	0.6621631403	0.6635578566	0.6950930782	0.7265183793	0.7219003597
	0.638093172	0.6114224493	0.6005764834	0.5777566947	0.7896963217
	0.821904921	0.8115991584	0.7737730799	0.7908900989	0.7295249105
	0.7439821432	0.7489452614	0.7595110095	0.7666056421	0.7622451939
	0.7990722279	0.8115733171	0.7780656728	0.8189506458	0.7777187575
	2.98936683e-066	0.00392417803	4.207401096e-068	2.855758444e-066	0.001327401065
	0.001798598889	0.0004851483196	0.002176610499	3.152747265e-066	0.001888180888
	0.002714204916	0.001411209855	4.918688853e-067	0.001184588999	0.001460033827
	1.717499506e-067	3.80049709e-067	1.52668977e-005	1.008181433e-066	8.332606594e-067
	5.722479741e-005	0.0001388745965	0.001621683233	2.231277422e-067	0.0002692242147
	9.035103505e-068	0.002277735741	4.625412082e-067	0.002137768183	0.001291045623
	0.2611287929	0.290141636	0.2634207963	0.2492822469	0.2431405873
	0.2742107235	0.2547406359	0.6634162596	0.6370366143	0.6140505319
	0.6489318066	0.6296867617	0.59969211	0.6184548426	0.5873534056
	0.4462319047	0.4774144949	0.5985948193	0.5506515718	0.4233461791
	0.497530633	0.529196016	0.5785135915	0.5743775163	0.5503461295
	0.4488357474	0.5596716666	0.5888332071	0.4124489145	0.3710105528
	0.3978431797	0.3525834595	0.3275451103	0.2799216972	0.2950360026
	0.3134821545	0.7035041506	0.6551507037	0.6985595439	0.6648837121
	0.606483359	0.6193747104	0.5788983414	0.5724596636	0.6275427476
	0.5864914364	0.6187647134	0.688576113	0.6463251658	0.7047095539
	0.7419864122	0.7558532062	0.7219530941	0.6728840101	0.3070004976
	0.2882256185	0.3575983534	0.3383189539	0.3367331168	0.3134946245
	0.3153044268	0.3021476281	0.3214570931	0.310189848	0.3373705104
	0.297889822	0.3369048601	0.310790851	0.03472159816	0.05942574352
	0.04469512349	0.0372872878	0.05167117945	0.06241931155	0.0429619235
	0.002063185906	0.001195560043	0.0004913536832	0.003063681081	5.110989607e-066
	3.585974012e-065	0.002827112915	0.02500944163	0.02124129899	0.02996582252
	0.02830494532	0.02086062743	0.004367681016	0.01570666452	0.02227446642
	0.0153002993	0.01637671528	0.01965305023	0.006736792781	0.009141911149
	0.01162751625	0.02190924358	0.008374426459	0.01341988876	0.3353803916
	0.3563969461	0.2917151572	0.3440918563	0.2870490789	0.3280337901
	0.2651504431	0.2934363488	0.258424286	0.2607904274	0.3132558791
	0.3153809651	0.2707120367	0.3309105041	0.2581068598	0.1870774502
	0.1610269381	0.2646575137	0.17946786	0.2202963943	0.2111780408
	0.1543881415	0.2457634777	0.3235922051	0.2683607619	0.2161548252
	0.2684733525	0.2990771642	0.2181400393	0.1315687745	0.1386319833
	0.116525699	0.1242957795	0.2581036036	0.1086817607	0.08606390516
	0.09994407919	0.100866343	0.05532497286	0.0796754089	0.06730570752
	0.07119183738	0.05226482515	0.04092028555	0.09129097655	0.09526599084
	0.07645134526	0.07789637431	0.0911478697	0.03807629615	0.1083260248
	0.07871846304	0.08149275644	0.09824133035	0.1081626954	0.08956876306
	0.1185138534	0.1217071147	0.1032773784	0.08072730422	0.08881583606
	0.09757188374	0.09459616258	0.1137774804	0.1047400082	0.1314068949
	0.1114123301	0.1790697035	0.2268873222	0.2156387773	0.216548988
	0.5150996514	0.5678331994	0.5437613378	0.5021762922	0.4206516863
	0.3480398476	0.3792047859	0.3325310808	0.3785681633	0.4264734693
	0.4153330244	0.4755320362	0.4592670127	0.5372401191	0.7139047108
	0.7200237467	0.7012149754	0.7259249831	0.6949702945	0.7108397231
	0.6614920957	0.6244440689	0.6548813086	0.6873776843	0.678377907
	0.5500019266	0.5870384169	0.5857869122	0.6182563071	0.6894683312
	0.6891885002	0.7302179677	0.724455871	0.6896690545	0.7185408722
	0.699396403	0.6832760002	0.7356175236	0.6931819101	0.672969884
	0.6989016133	0.7328340477	0.6999208593	0.7354578822	0.00110403918
	0.001873957696	0.001575195695	0.004248118621	0.002713851871	0.001911028083
	0.002411793002	0.002421508524	0.002093115951	0.002408256521	0.003143454143
	0.00225364503	0.004014067872	0.004003841073	0.005365292753	0.006924096498
	3.531492939e-066	0.0003144991411	3.602859173e-065	0.0008372495713	3.587895435e-065
	2.5275145e-066	0.003604600328	0.002159900996	0.005213365475	0.004543938028
	0.007252029438	0.007604858582	0.001938513165	0.0008236781475	0.007895988292
	0.003076830301	0.002634466862	0.001979905048	0.004632630459	0.2179567942
	0.2606620243	0.2306229871	0.2369260136	0.2518782996	0.232687026
	0.2182202623	0.1919298732	0.2053392655	0.2052218201	0.5656436464
	0.5557906487	0.5267683896	0.5235798034	0.4873165721	0.3822422928
	0.4793875126	0.5447896606	0.5278731764	0.4242433457	0.3957129609
	0.4392640947	0.4957082295	0.5178122831	0.5019848931	0.462728044
	0.4702595453	0.4878681321	0.4559054891	0.5123005061	0.5397477809
	0.5086419742	0.5464673156	0.3065918982	0.3195342004	0.3558102078
	0.3426265655	0.2562593521	0.2406171666	0.2744691871	0.2847469787
	0.5141550014	0.6321628881	0.6064876929	0.5946366102	0.5482113937
	0.5109851905	0.5378191245	0.5641589559	0.5785339926	0.6225974664
	0.6159315851	0.6544699036	0.6563585311	0.3074402636	0.2817813135
	0.2709215981	0.2602874689	0.3027471948	0.2779662241	0.2727988448
	0.29880869	0.2787264665	0.278491915	0.2886026438	0.307451903
	0.2969965627	0.2963520466	0.03014989577	0.02094501568	0.02012156808
	0.0304401798	1.678630777e-065	4.854856716e-065	0.003440582013	0.00207614684
	0.003021916122	0.001245291243	0.002981178436	0.01376218993	0.01427790339
	0.004506852445	0.01271552538	0.01088551241	0.006885539476	0.00681040659
	0.2159099042	0.2164310776	0.1761775329	0.1956967358	0.163578296
	0.1630715917	0.2123019359	0.1734273285	0.1330435838	0.1240753111
	0.1709683577	0.1131644033	0.1103038775	0.1456339343	0.1742285805
	0.1457767851	0.1340413871	0.08878286382	0.08352914543	0.09777839116
	0.1010530533	0.191402104	0.2333037672	0.2520665679	0.2059691098
	0.0183956341	0.06636204702	0.05179748642	0.06535633072	0.05488684229
	0.03708206071	0.04654466682	0.06472705389	0.05605752336	0.04740757778
	0.0627652177	0.02844795887	0.03533831811	0.02537503079	0.06610089597
	0.07592374044	0.0733152635	0.05296366997	0.064458026	0.0590239417
	0.07983392057	0.06106787059	0.1635869419	0.1329417761	0.1224626524
	0.1435316378	0.4861809346	0.5017401076	0.4396177096	0.4482400708
	0.37450718	0.3371234414	0.3122560045	0.385726574	0.3455561463
	0.2858105083	0.3192526105	0.2793912468	0.3651155961	0.4047851838
	0.3939256684	0.3460370159	0.5132192981	0.4888097148	0.5478244739
	0.4615450203	0.6621171201	0.6762170387	0.6418478518	0.6287569042
	0.6454666457	0.6128102205	0.6632958906	0.5801253782	0.5212908301
	0.5539015062	0.5960503265	0.6468766751	0.6577228956	0.6202597542
	0.6276936372	0.6539288268	0.6609514484	0.6217807441	0.6169603953
	0.6285249319	0.6640838256	0.6215794022	0.001513480869	0.003006365667
	0.004938808366	0.003625249258	0.003299719291	0.006374412781	0.009311644475
	0.007029088658	0.004444690726	0.007182130501	0.007226221178	0.005207399591
	0.01117402526	0.01163525729	0.01406444743	0.01085249871	1.408028024e-065
	1.033871105e-064	0.0005717964005	0.0006039086639	1.422599793e-065	0.001389365589
	9.590669146e-065	0.01151721528	0.01638190468	0.01107651644	0.01660578832
	0.001565073764	0.01234928198	0.006015667151	0.01394531917	0.01834555924
	0.002816016932	0.003133409671	0.007352622567	0.1684689661	0.1746224219
	0.1922750865	0.2054014158	0.1954331551	0.2227071597	0.2135384803
	0.1797789525	0.1504417255	0.1636683985	0.1493646509	0.1578620552
	0.4828337331	0.4833771671	0.4548322188	0.445234456	0.3290300492
	0.425188826	0.3983515067	0.4096416628	0.3709404481	0.4060162993
	0.3347962062	0.3652216458	0.419024001	0.4481926543	0.4396599745
	0.479271204	0.4463365879	0.4503174742	0.4790486724	0.3017152839
	0.26978462	0.2948849844	0.2649232609	0.2425283921	0.2248249011
	0.2377292399	0.4511204304	0.4682309692	0.5032474356	0.4774714155
	0.4461365787	0.4921867109	0.5804539536	0.5008466176	0.5505941542
	0.5542524435	0.5277611771	0.5265509838	0.5868825068	0.5874870013
	0.5619047984	0.5909878736	0.555486076	0.2388234175	0.2542864236
	0.2588270541	0.2310118507	0.2615848062	0.2364452356	0.2623708316
	0.2280837584	0.004572671085	6.570983707e-065	1.516342396e-065	0.003709366919
	0.0121267853	0.01040563737	0.01143399817	0.004205635516	0.006847677949
	0.007028092992	0.01046293973	0.006739156959	0.01658366463	0.004547211614
	0.1202885676	0.1120478897	0.1127043764	0.09676152281	0.08988347606
	0.08639477908	0.1025546617	0.08209444518	0.07105756021	0.06921889502
	0.05902198482	0.2020753582	0.1789673984	0.148765379	0.1412658394
	0.01258212063	0.02655399495	0.04744182165	0.02048865266	0.02078402877
	0.04226954218	0.03934310564	0.04214741322	0.05084510091	0.02967662614
	0.0518402736	0.04889582555	0.05742894208	0.04034688811	0.04688716568
	0.09082582365	0.1143482282	0.08991699113	0.1037284866	0.4393283658
	0.3802759246	0.373911153	0.4106777151	0.2270837307	0.2853813294
	0.2330840869	0.2704746886	0.2574241544	0.3030100706	0.3211287098
	0.2463250603	0.3470978983	0.2999862317	0.3375593068	0.4404601852
	0.4061229673	0.497149118	0.4636661655	0.6031030615	0.6069662063
	0.5683759091	0.5660060214	0.4872279286	0.5292939699	0.4705210413
	0.5252829632	0.5604510004	0.5880922367	0.5925558832	0.5491134447
	0.5799514731	0.5440189711	0.5564940316	0.53560058	0.2264795642
	0.00149724642	0.007392615461	0.008420982384	0.003927666212	0.004292068501
	0.001806789819	0.005769112482	0.01150662162	0.01330926047	0.01100532096
	0.01421367474	0.01823704397	0.01806759518	0.02234768203	0.02029898049
	0.02599733901	0.006168935345	0.0007706169872	0.002543902016	0.005633274626
	0.001973892344	8.430434893e-065	0.0001659508776	6.143814915e-064	1.562203392e-065
	0.001251381181	3.045748059e-065	0.02343089727	0.02069290601	0.02493586133
	0.02738820293	0.003505147712	0.01628664947	0.007229247131	0.01404348339
	0.008197032426	0.00134103954	0.02146555969	0.1435420191	0.1363467725
	0.1423059496	0.1634737543	0.2127587974	0.2294455533	0.1977542223
	0.1807505017	0.1942218131	0.1795455887	0.1507765323	0.1381399556
	0.1496069708	0.1655476329	0.4192603101	0.2748357166	0.4104999508
	0.3879730166	0.3946442132	0.3376469886	0.3545388285	0.3236536025
	0.2955455472	0.3052062913	0.3713466035	0.3737343774	0.4205118971
	0.3960384935	0.3980637171	0.4239515604	0.2134824832	0.2293968456
	0.2466353254	0.2678275016	0.2464437684	0.3963582988	0.3959648776
	0.4137729999	0.4339618302	0.4702686179	0.4391001516	0.4175408238
	0.459658005	0.4461639321	0.4793324514	0.4568322608	0.4752401391
	0.5021219591	0.5052282013	0.4945504838	0.5159515925	0.5238562666
	0.5343674176	0.5020809611	0.5302955967	0.2134665001	0.1759969433
	0.1726577188	0.214931446	0.1791773615	0.2119855262	0.1835338825
	0.2052764251	0.004926899371	9.796346311e-065	0.006732175971	1.709494454e-064
	3.169569336e-065	2.323002552e-065	0.005866831585	2.872221799e-064	0.007907234464
	6.329526474e-065	0.0151603624	0.01650785142	0.01720518772	0.01767299516
	0.02173957851	0.01961463664	0.01396611967	0.0210798693	0.0651521417
	0.07764076538	0.07175368599	0.0537197094	0.06074685901	0.06569410491
	0.07870297981	0.09916141503	0.1211616565	0.09466742628	0.1301585271
	0.03859964695	0.02132263348	0.02576076283	0.02845417971	0.03478909541
	0.02385159938	0.03345263253	0.04400482865	0.0393096254	0.04996375009
	0.07788613706	0.06503556438	0.07671673093	0.1659990298	0.2002455187
	0.2040636856	0.1779636176	1.755861963e-064	0.3869559645	0.3450837768
	0.2328862473	0.2763739772	0.3512107384	0.3137319259	0.2676522113
	0.3096028564	0.4165190044	0.3914813837	0.3748667269	0.4357557152
	0.4067858432	0.5192896789	0.527742822	0.4885055482	0.4833575502
	0.4164014799	0.4469189542	0.449060598	0.5024540375	0.470465239
	0.5075420546	0.4748179489	0.4681163	0.4966033288	0.4705075987
	0.4889337401	0.1697396511	0.2404471743	0.1783170695	0.2082257269
	0.2184343393	0.03046075185	0.009333183179	0.01379418296	0.02141250869
	0.01489119697	0.02015090434	0.01036579334	0.01775206804	0.03202680052
	0.02563461961	0.02390830598	0.03392971746	0.03554954119	0.0296829216
	0.02906744286	0.009629059684	0.0006937409926	0.0002468623951	0.004784248961
	0.01064749664	0.01565011012	0.005291260346	0.003798713464	0.00725401561
	4.473732969e-064	6.605967197e-065	0.002388344418	0.008119632982	2.4149198e-064
	6.118306796e-065	5.958443792e-066	0.00369762664	0.001621859466	1.7019452e-065
	3.680596911e-066	1.241025496e-065	0.002022180248	0.02738785761	0.0109897093
	0.0213148012	0.02112147726	0.0288467274	0.01343123604	0.03351990459
	0.132857182	0.1339568319	0.1334471288	0.131454349	0.1313969682
	0.1328768676	0.1373346441	0.1999875305	0.1851216585	0.1845681227
	0.1652625286	0.1508192465	0.1436142589	0.1668328607	0.1565475819
	0.2646389792	0.3715129679	0.3428184645	0.3671468548	0.305557543
	0.3541909837	0.32929941	0.3107968761	0.2794790265	0.2853742987
	0.3376411037	0.3487011955	0.3752693123	0.3532624948	0.3749397165
	0.1986238935	0.2606826108	0.2207745393	0.214711673	0.2351960342
	0.2302516442	0.2455078342	0.3547673812	0.3935756227	0.3514309367
	0.3662205253	0.3760418902	0.3920953524	0.4244171775	0.3836865307
	0.4105302866	0.4361112138	0.4283231317	0.4060615164	0.4552356287
	0.4658068176	0.4702205861	0.4457537103	0.4549562459	0.4767952262
	0.4807801264	0.4586004087	0.4596284033	0.1352120197	0.1057386056
	0.101933704	0.1451016555	0.1150488049	0.1521811162	0.1422921503
	7.368982401e-065	0.01503904362	0.02075564502	0.007695366547	0.02337180157
	3.097913789e-064	0.01303243944	2.043140483e-064	0.03057900331	7.395400532e-065
	0.03148549482	0.03367366073	0.03331572798	0.02852922622	0.03508181841
	0.03122853803	0.03013796582	0.06071556681	0.05449296973	0.07405310381
	0.03589809029	0.04391072841	0.05341450823	0.06491337541	0.04440734652
	0.03718169706	0.07894121952	0.1100486211	0.14573691	0.1074393942
	0.1314151712	0.1245310224	0.1315058973	0.02019644207	0.03012967152
	0.007145337761	0.03683376502	0.02403908622	4.788557311e-065	0.01529845037
	0.02164360255	0.3526571554	0.251324153	0.3354182877	0.3095581436
	0.3135161575	0.2906151992	0.281036376	0.343798046	0.3284275182
	0.3767827992	0.3654882356	0.3840974962	0.352676194	0.4014745057
	0.4409579598	0.4130231466	0.439277627	0.3741169205	0.4443957846
	0.4436679795	0.4163257223	0.402533506	0.4378094002	0.448453222
	0.4245550669	0.430718093	0.2605537829	0.2398799454	0.1561092896
	0.2091524124	0.2278355873	0.1870171907	0.1745350291	0.1536087009
	0.1711213667	0.03770301705	0.04576539819	0.03943309912	0.04116086814
	0.04500515706	0.04708467683	0.01759132718	0.02425061827	0.02663782375
	0.02116885603	0.039213553	0.03461454506	0.03091754062	0.01827835691
	0.01987791281	0.009229266779	0.01063211796	0.00784756488	1.120755886e-064
	0.01827885704	0.01823782581	0.01232628699	0.008279539315	0.002574808892
	0.01839240961	0.006869725721	0.0272512114	0.01211258345	0.0193270741
	0.007777619286	9.673378792e-066	2.719850759e-066	0.002575501605	0.004971137623
	0.04251165255	0.04019846299	0.02588804012	0.03414178373	0.03125970079
	0.1405452512	0.1402411151	0.1359467277	0.1358114898	0.1429838515
	0.13992766	0.1503435104	0.1499595301	0.1774509515	0.2058992885
	0.172753055	0.1880938329	0.1849842892	0.1621194225	0.1631093702
	0.3276276868	0.2499058025	0.2801936132	0.3092473101	0.3015346049
	0.2739519637	0.2972160294	0.3208154114	0.3335310555	0.3309146335
	0.2292061995	0.2076263115	0.2265605086	0.2582385197	0.307860366
	0.3232559516	0.3667167572	0.3287443366	0.357522224	0.3371273961
	0.3432042507	0.4004523299	0.3730882381	0.3540422909	0.3755017414
	0.346772453	0.4340733066	0.4215941051	0.3969193137	0.4092093912
	0.440003002	0.4415801916	0.4281991086	0.4418664355	0.4212831975
	0.4277901316	0.4287586183	0.06901668123	0.08715912539	0.08120238821
	0.06410929706	0.03562097189	0.04472215166	0.03976214494	0.04239924117
	0.04320089836	0.03948696466	0.04079798368	0.05008029643	0.05651537181
	0.05135370324	0.1306513955	0.1074177691	0.07367088693	0.1067270216
	0.08289298224	0.09021757111	0.09027158402	0.0989169303	0.1519321848
	0.1617553463	0.1444455332	0.1531364939	0.1297988241	0.02622591023
	0.03820193432	0.03881190412	0.0419321298	0.03481123271	0.04631957576
	0.04346916989	0.3442739693	0.2832942738	0.26803053	0.2923177034
	0.3102494078	0.2599351099	0.2946905503	0.3079740102	0.3218623959
	0.346918327	0.3291711788	0.3651743439	0.3816799659	0.4188764261
	0.4168006188	0.3905946842	0.3986760504	0.4090140025	0.366902304
	0.4015749716	0.408211079	0.2461072115	0.2236939725	0.2191810329
	0.1807602847	0.201634474	0.2408322239	0.1935165498	0.1608793529
	0.163484225	0.1695387035	0.1862106723	0.1737174518	0.05212847552
	0.0530951252	0.06026427706	0.05891748276	0.05190431483	0.05681415168
	0.05895483129	0.04878853376	0.05323456379	0.04425096123	0.02822492863
	0.0271373696	0.05000239923	0.03383650772	0.03384776909	0.04185705408
	0.02405459695	0.0346534241	0.03162454085	0.03280986144	0.02671007191
	0.03391241663	0.01952983719	0.04725017287	0.006203568138	0.003689037749
	7.706787901e-066	2.123935378e-066	0.02787567914	0.01724503361	0.01821330127
	0.04553617533	0.0568058864	0.05113674014	0.06080187715	0.03787942722
	0.04965005096	0.04073304486	0.02895273385	1.777109657e-066	0.004591210305
	6.484113532e-066	0.1517969009	0.1528570225	0.1454182302	0.1456620879
	0.1582216373	0.1480011869	0.1549230835	0.1537816947	0.1757988767
	0.1766420298	0.1625355616	0.1655668736	0.190694225	0.2119101568
	0.2114988509	0.1921440809	0.2585200932	0.2791267539	0.302820368
	0.2858729387	0.2540994362	0.2299258582	0.2317425319	0.2962859309
	0.3087234189	0.3186638171	0.3263812444	0.3709808346	0.3170464849
	0.352954591	0.3319994753	0.3344536581	0.3855172131	0.3492640398
	0.4108252849	0.3653977469	0.4092748488	0.3988599607	0.3785705653
	0.3937320177	0.3985265393	0.4165612495	0.4042937599	0.4045712961
	0.1763554522	0.1676206342	0.1819655882	0.1857867977	0.1688200844
	0.1600354778	0.1729788514	0.1594691493	0.1598797137	0.05629507144
	0.06064174127	0.04823551317	0.05283562885	0.06871985424	0.06543546724
	0.04857436526	0.09171198539	0.1241647296	0.106527617	0.1078486313
	0.05436879598	0.09048078915	0.07593599498	0.07171034708	0.1536360276
	0.1214428473	0.1469743027	0.1379603184	0.1526661714	0.1429110428
	0.1367280235	0.1501140665	0.149583518	0.1426259139	0.141719097
	0.05874483466	0.04453161335	0.04420851621	0.05527588779	0.05272284065
	0.07562007417	0.2177755152	0.3124370965	0.2393304459	0.2712553947
	0.2945246115	0.2488718269	0.2689483739	0.2303046419	0.2577637019
	0.2105008173	0.2817837434	0.2915923002	0.3610704283	0.3335106046
	0.3311078636	0.4007908469	0.3902745586	0.3929367906	0.3955588952
	0.376175155	0.3601155451	0.3859304017	0.383611105	0.2192162494
	0.2044006647	0.2003977783	0.160557309	0.1736391301	0.1687151676
	0.1841058005	0.1875696784	0.06907191601	0.0816573778	0.07108314174
	0.06603269319	0.06355770325	0.06911127909	0.07514022402	0.07959021157
	0.05920759585	0.07038844709	0.06772090283	0.05762501582	0.05205605549
	0.05515730947	0.0552336992	0.04495480516	0.04140791399	0.04373365948
	0.06413069075	0.05995512852	0.05252508685	0.04676169013	0.01523681111
	0.02872569686	0.00567928702	0.02084643106	0.06370311206	0.0788268199
	0.06918574792	0.05493275338	0.05660456957	0.03765204446	0.04328733184
	1.475371409e-066	0.008452128462	5.578101258e-066	0.1918614416	0.2069316011
	0.2042746078	0.1963316489	0.2100632566	0.1833683469	0.178670392
	0.1656057204	0.1724942501	0.1632291291	0.179426594	0.1699425195
	0.1930844179	0.2110352109	0.1912088829	0.3449781869	0.3153542769
	0.2878888707	0.275039999	0.2550161486	0.2878687642	0.2298555748
	0.2747980724	0.2522421684	0.300588216	0.2293913984	0.3295859338
	0.3028506419	0.3239294345	0.3837795555	0.3890973611	0.3789423549
	0.376953283	0.3847972452	0.3812197815	0.3896584621	0.3589210464
	0.3929082665	0.3757777867	0.3717146011	0.338232111	0.3564904996
	0.375848389	0.3918086188	0.185381623	0.1891847552	0.2016244699
	0.2020685795	0.1826066445	0.1998331487	0.1887358091	0.2149671946
	0.1474996566	0.1376814908	0.1527641008	0.1383163083	0.1301277008
	0.1258187927	0.09179486587	0.0976181502	0.1228084238	0.09236673391
	0.111848601	0.0679417755	0.1055594509	0.08013089288	0.07410171268
	0.08559179911	0.1375915109	0.1255203508	0.1348730884	0.1255956141
	0.1307048854	0.1341075029	0.1317295477	0.07145086128	0.06425472399
	0.06202368736	0.06678296518	0.08625934883	0.0876596869	0.07987650471
	0.112973017	0.1035598117	0.1097275973	0.0996352327	0.2029594843
	0.1753254204	0.192190116	0.1799042362	0.1671567181	0.3242051141
	0.2791464825	0.2358655974	0.3508898397	0.2509630866	0.2890925969
	0.3314308074	0.3765606887	0.3804769814	0.3445756486	0.375710418
	0.3444904668	0.370334736	0.3675619582	0.3715469208	0.3647944742
	0.1990912119	0.2711171632	0.224411263	0.2502894671	0.2187462717
	0.1611696699	0.1515085701	0.1418942254	0.1420116093	0.1351985507
	0.08833736681	0.08852143699	0.09039088005	0.1002289097	0.08739668918
	0.08126763596	0.09601438658	0.09306197133	0.1087329466	0.08490920771
	0.09823835632	0.1087098103	0.09208927692	0.07523218908	0.06777546795
	0.08275853664	0.09011616914	0.07718202305	0.07525818286	0.06460658927
	0.07998705837	0.09316502998	0.02932938683	0.07564089432	0.05235344292
	0.02775285134	0.01066149443	0.006421382051	3.944613072e-066	1.130621355e-066
	0.07259461648	0.05583633754	0.06758094375	0.07691345499	0.05659647185
	0.06887796732	0.04492254503	0.2284273308	0.2297084085	0.2153450297
	0.2295708766	0.2255360226	0.214708278	0.2186441956	0.3706355505
	0.2303553822	0.1975060429	0.2446928976	0.2131103792	0.2543160635
	0.2296359509	0.2070260916	0.318900273	0.2778484371	0.3374270239
	0.2669984823	0.2989603582	0.2959212163	0.3149551324	0.3599169696
	0.3655641235	0.3694467859	0.3625471683	0.3537912297	0.3325034536
	0.3630218556	0.369732827	0.345001916	0.3540437733	0.3611534247
	0.2278154876	0.2381666758	0.2473339136	0.2181581427	0.2515319864
	0.2540433025	0.2371396159	0.2555654874	0.2400863301	0.1204433738
	0.1161612783	0.1250065392	0.1278035159	0.1165805096	0.1066525883
	0.1158542732	0.1096693159	0.1092538516	0.1190046231	0.111418144
	0.1259688245	0.1195975742	0.1256206936	0.1254110764	0.117066149
	0.1182587945	0.1243743663	0.1226942976	0.1286110875	0.09755667194
	0.1006545888	0.1063223532	0.1075516068	0.1152937981	0.1198738699
	0.1210321858	0.118811354	0.1226418151	0.3576971837	0.1717222595
	0.193730508	0.1603395449	0.1754175814	0.1544701718	0.1380254223
	0.1471921287	0.1953271329	0.3544563085	0.2996157839	0.3211423449
	0.3335946624	0.3188350063	0.3539605079	0.360841183	0.345350467
	0.3539824271	0.3631174413	0.3547081268	0.3541085754	0.3467699586
	0.3621178454	0.3348713625	0.249548793	0.2264402558	0.2172200037
	0.3042922016	0.2563885609	0.2807443069	0.286687416	0.2370247945
	0.2050913185	0.245748795	0.2661054881	0.1146684051	0.1149612184
	0.125504955	0.1256063908	0.1504267166	0.1191644886	0.1308717817
	0.1316418186	0.1191684044	0.1201476293	0.1266524547	0.1083665407
	0.1062081521	0.09044146853	0.1108301919	0.1230936766	0.1012236845
	0.1088251066	0.09093652982	0.1176552124	0.1255576783	0.1113230868
	0.130600416	0.1257735228	0.1385342931	0.1125993889	0.1339388899
	0.1259588656	0.1143315664	0.09241774463	0.1047645838	0.08688254132
	0.08627357352	0.09161758407	0.09796791701	0.09427943207	0.09130850891
	0.08847126814	0.09584116133	0.1073992154	0.111124622	0.1019888448
	0.1037518383	0.1000615584	0.1177872219	0.0311486729	5.753542226e-067
	8.948056333e-067	0.01069865125	0.01846800905	0.008903099915	0.02583902266
	0.06955821201	0.02778828691	0.1087513415	0.09108648787	0.09483384079
	0.07626010521	0.04605124879	0.05225691773	0.03392881629	0.2396418974
	0.249043179	0.2405005356	0.2589697022	0.2592270073	0.2545528461
	0.2439530775	0.3510706854	0.3441461552	0.3533126572	0.3472598138
	0.3540185702	0.2860164068	0.2859688575	0.266205581	0.2596276486
	0.3125274676	0.3259512383	0.3097026222	0.3523317697	0.3453701154
	0.3470327674	0.3374171037	0.3385701799	0.3229328379	0.2916948339
	0.2878258477	0.2696233183	0.2700850569	0.2847271037	0.2877061458
	0.2731905961	0.2740249108	0.2741287495	0.2659454351	0.1068496033
	0.101421872	0.09857294253	0.1055710294	0.09529302996	0.09594932746
	0.1010316993	0.09975544815	0.107148405	0.1200204367	0.1131361163
	0.09970622907	0.1155254052	0.1043872551	0.1198629084	0.1221566624
	0.1226682194	0.1233182237	0.1217414407	0.1221858508	0.1141745888
	0.117822947	0.1185900977	0.1258300901	0.1257891861	0.1225113975
	0.1187530473	0.1220724396	0.1249221639	0.1243235555	0.1407320624
	0.1269275973	0.1301010029	0.13736719	0.1256470143	0.1367756922
	0.3498559256	0.3484412136	0.3499506312	0.3491386252	0.1529531626
	0.178910668	0.1738220155	0.2135758358	0.1578173202	0.220983152
	0.3489132302	0.3483256807	0.3480406687	0.344998576	0.337773505
	0.3263616044	0.3238279344	0.30838981	0.3374990049	0.3466904528
	0.3425975331	0.2457465576	0.2737328278	0.3135630318	0.3013335754
	0.29252931	0.2849188428	0.2541175132	0.2710952851	0.1085651063
	0.1332760374	0.1182580026	0.1378766783	0.1049337875	0.09991622359
	0.1173766776	0.140955515	0.1377244412	0.1327716351	0.1385439226
	0.1285685613	0.1450398272	0.1423962808	0.1111187312	0.121242055
	0.1341321379	0.122797789	0.1436874892	0.1444880373	0.1460968164
	0.1344022397	0.1310320069	0.1166179843	0.09501776505	0.1224815274
	0.1122564429	0.1007076282	0.1014074981	0.09673368322	0.09985374076
	0.1105733186	0.1192682915	0.1140946221	0.1024962044	0.1076409439
	0.1040422852	0.1427025955	0.1299476562	0.1362765285	0.1251700602
	0.1511990296	0.01193468838	0.003417592449	3.105629659e-067	0.004996638971
	0.01507362276	2.003489303e-067	0.008522646607	0.1109724467	0.06053014169
	0.02289380407	0.09413063697	0.0234102969	0.09872801765	0.07945704563
	0.08124570543	0.05913133595	0.04205815211	0.04195178023	0.2866947113
	0.2686283405	0.2824484309	0.2618153102	0.2620531274	0.2565068158
	0.2713275088	0.3499700478	0.3468857853	0.3049405735	0.3376370766
	0.3116303728	0.3328499312	0.320867426	0.351110471	0.3421470535
	0.3250560533	0.3422198708	0.2985221179	0.3104771241	0.3167491936
	0.3009692713	0.09458714864	0.0976021207	0.09428264603	0.09346242489
	0.1034302593	0.119227871	0.1040210181	0.112393568	0.09688936825
	0.09689527682	0.1123250983	0.1366858028	0.1285127233	0.1387475846
	0.1321014666	0.1308754075	0.1413035395	0.1296678157	0.1214405505
	0.1370190938	0.1276325071	0.1308263424	0.1668024723	0.1523659739
	0.1621108077	0.1558367218	0.1588301464	0.1478800046	0.1619966185
	0.1549955896	0.1503632584	0.1458181706	0.1481465168	0.3542977558
	0.3509710781	0.3571887009	0.3472318835	0.3525439826	0.1217285461
	0.1333619963	0.1645436931	0.1858446359	0.195916092	0.211889482
	0.1739751206	0.1574685772	0.1439123585	0.2217056027	0.2635037302
	0.2547176186	0.2371166113	0.3416807471	0.3314955864	0.328521665
	0.3460065021	0.3359320366	0.3191857675	0.3399017965	0.2865562085
	0.2789665876	0.3051448941	0.3248972738	0.3089199728	0.3146474685
	0.298726032	0.09853214696	0.1049702423	0.1134085289	0.106072427
	0.1067864699	0.140880962	0.1130451696	0.1413479225	0.1315340796
	0.131967516	0.1244157541	0.1204478	0.1345787508	0.1337317557
	0.1328515659	0.1388920522	0.1331697494	0.1303448362	0.1183650989
	0.116343129	0.1231701794	0.1270974247	0.1108449764	0.124306583
	0.1473075204	0.1308391054	0.1421232171	0.1354314115	0.1538531048
	0.1592836715	0.165921913	0.1769807113	0.17404349	0.1835005816
	0.1704399823	0.1852868871	0.01102890522	0.00693648305	3.025075954e-067
	2.604439453e-067	0.01985146199	0.04254725032	0.07686333191	0.06282874962
	0.07908244881	0.04770602427	0.1019668836	0.02565709433	0.09186658898
	0.05986181657	0.005536538541	1.236056957e-067	3.684742099e-067	0.2764775759
	0.3046627426	0.2917246665	0.2930706948	0.274681497	0.270304123
	0.2674345407	0.2696468574	0.2678505414	0.2747103365	0.3466259204
	0.3586965677	0.3565860295	0.3617252372	0.3643431438	0.3686787452
	0.3025560515	0.3466636201	0.3315509213	0.3146284588	0.3401855232
	0.3250312806	0.3116962007	0.3252975474	0.1063338252	0.1039780536
	0.1031436027	0.09899163819	0.1135896991	0.1130396724	0.1226777635
	0.1223905156	0.1465617281	0.1508767658	0.1333354346	0.1431084427
	0.1329721456	0.1547104732	0.1424566014	0.1691905548	0.176266609
	0.1827431243	0.1893490996	0.1637847703	0.1683453887	0.1612094434
	0.1733246129	0.1940825606	0.3645596551	0.3696638213	0.3469017522
	0.3588849465	0.3595655891	0.3657858034	0.3530666581	0.1241757915
	0.1154666414	0.1385221334	0.146384696	0.1616864771	0.1715224579
	0.2186792963	0.2016544588	0.205388055	0.2391832444	0.1883295305
	0.2893427186	0.2495697408	0.2692763567	0.2975442496	0.3314745138
	0.3387150634	0.3437959274	0.3521557555	0.320682532	0.3147894196
	0.3342120867	0.1202934378	0.1284793312	0.1109725162	0.1104288657
	0.1395141618	0.09283807826	0.1315488337	0.1211185789	0.1266760271
	0.1335603409	0.111585322	0.1111533418	0.1282907799	0.1422657336
	0.1397571902	0.138467436	0.1490141233	0.1544098387	0.172255972
	0.1661268717	0.1378410537	0.1607533673	0.1526377173	0.1767564775
	0.1895940375	0.1905337555	0.18270065	0.1949832295	0.2049501207
	0.197433057	0.1995855412	0.2087734527	0.2121134713	0.2066730688
	0.2021846107	0.09293506424	0.003902120609	0.01567086185	0.0806238089
	0.04810510635	0.0421561164	0.02260894473	0.06926121128	1.627232532e-067
	7.561784415e-067	0.00984728153	0.2870333925	0.2975599225	0.2735912423
	0.2863461674	0.2644045194	0.2590838148	0.2689574722	0.3514399259
	0.363415535	0.3659598681	0.3595719729	0.3724291727	0.3704483514
	0.3727533592	0.3691513434	0.369226919	0.3718734328	0.372615279
	0.373559626	0.3061642898	0.2957589241	0.3071119502	0.3191551013
	0.3504486985	0.3225067004	0.3377545449	0.3359663199	0.1249395528
	0.1203859848	0.1161284835	0.1241995941	0.1330555508	0.1349765272
	0.1613629279	0.1418174852	0.1440877778	0.1459931037	0.1536266557
	0.1555497538	0.18584216	0.1967764585	0.1661573629	0.1915785198
	0.178202045	0.1804417118	0.1704470064	0.2020170169	0.2160530612
	0.2151104443	0.2082586433	0.2221537488	0.3684446079	0.3623951029
	0.3559954814	0.3636371806	0.3644133739	0.1895712328	0.1818356525
	0.1524828239	0.1573869177	0.2703534923	0.21913201	0.2285541064
	0.2555456349	0.2930123925	0.3189339785	0.3387563521	0.3524209837
	0.3059554638	0.3451293943	0.3274809342	0.1447172675	0.1446817781
	0.13257149	0.1307157344	0.1758663887	0.1585326163	0.1606900972
	0.183559701	0.1985816793	0.1036395751	0.1239700516	0.1129488404
	0.1300915758	0.1407118702	0.1581067273	0.1612288791	0.1513291846
	0.1828166543	0.1756352582	0.1435070602	0.1683801946	0.1958052915
	0.2047806234	0.1891872716	0.2009145798	0.2168492853	0.2168856944
	0.2213750384	0.211915884	0.2236197299	0.2231413627	0.2098648654
	0.2196080346	0.1160373909	0.08237258276	0.0624950801	0.1004952456
	0.09312026393	0.0303895759	0.05095297282	0.008484759096	0.02850975109
	2.706383379e-067	0.008687273571	1.27235811e-066	0.2787053732	0.2634850784
	0.2816931764	0.295450765	0.243493391	0.2528337836	0.257954469
	0.3686750889	0.3605126771	0.3507675825	0.3633067404	0.3674283124
	0.3648355848	0.3714491183	0.3714099026	0.3635186521	0.3688164237
	0.3665944699	0.3064937179	0.2919289754	0.3452646576	0.3065308828
	0.3349628711	0.3186069665	0.3208814999	0.1365531259	0.1457018944
	0.1494718922	0.142625982	0.156088298	0.1525199116	0.161983928
	0.1550835689	0.16459523	0.1684019873	0.1754382561	0.1601936456
	0.209086355	0.200897477	0.1868131538	0.1938452049	0.2150594855
	0.2216389281	0.2250983351	0.2255450178	0.226047944	0.2238577221
	0.2248925669	0.359883037	0.3498955937	0.3468736442	0.3573661803
	0.3487205972	0.3481080102	0.3449676325	0.3583132327	0.3559897522
	0.2344824296	0.2085140341	0.2441768986	0.2160056383	0.3056761823
	0.3167387245	0.267787578	0.2776886722	0.3342195451	0.2911721357
	0.3292789844	0.3394314625	0.1720791433	0.1592585054	0.1575747491
	0.1710602178	0.2050473683	0.2211617336	0.1887570925	0.1850491396
	0.2388212005	0.2045716317	0.2207339851	0.1472466724	0.1358363873
	0.1347844558	0.1234919017	0.169752396	0.165981935	0.1784465402
	0.1908180363	0.1475303543	0.1584030524	0.1791602578	0.224928019
	0.2020937105	0.2194376205	0.2216883997	0.2150755707	0.2113763003
	0.2056433619	0.2222837365	0.216335183	0.1902062181	0.2188711259
	0.1086600901	0.1208790165	0.09312567211	0.09087270306	0.07430628957
	0.04871443251	0.07190465758	0.02765504875	0.007716051098	0.02557886671
	0.05214978057	2.191272594e-066	0.007324796812	4.420959555e-067	0.3525434775
	0.2217731455	0.2424509708	0.2485365634	0.2731074719	0.2688753728
	0.2341743299	0.2890176505	0.3586543709	0.3403600251	0.3294278615
	0.3541944072	0.3452373328	0.3603983769	0.351332905	0.3052390324
	0.2846172164	0.3131123366	0.2218571195	0.163237354	0.1718400119
	0.1744247302	0.166687943	0.1808332105	0.1932054553	0.1838916936
	0.1725241872	0.1784080663	0.1802753533	0.1749748713	0.1798742231
	0.1955387915	0.2144395497	0.2172269913	0.2052317672	0.2192501903
	0.2062103038	0.2234973396	0.3418991307	0.3323981493	0.3411828245
	0.3282559901	0.3304124946	0.3153030271	0.3370907781	0.3215249717
	0.3264650057	0.3206190289	0.322211064	0.3354871967	0.3367681217
	0.2798007029	0.2376620589	0.2562049659	0.2626690942	0.3014697809
	0.2850109409	0.304377558	0.3114904471	0.3041902103	0.3161962233
	0.2429239724	0.1826256148	0.1855073469	0.1991077349	0.1933295729
	0.2189851969	0.2101490368	0.2264517664	0.2292954213	0.2080508164
	0.2074668133	0.1923489697	0.2165995148	0.2104223995	0.1333619752
	0.1065130293	0.1542284265	0.1276469219	0.191383232	0.1506481488
	0.1735778513	0.1738338056	0.2037901262	0.1993633214	0.213196669
	0.1923724753	0.2147686985	0.2073035623	0.2026501593	0.006520517297
	0.02058690149	0.04902460815	0.04261070066	0.0695309117	0.07745943535
	0.02395890308	0.09952871872	0.005204905323	3.433220697e-066	7.086909433e-067
	0.2431794663	0.3309735954	0.3395632982	0.2626648692	0.3228082668
	0.2964416647	0.3324469133	0.3062760398	0.2631482178	0.2860020388
	0.2961425908	0.2037361013	0.2133963959	0.209786416	0.2097032983
	0.1876778725	0.1897330762	0.1936937085	0.1847634993	0.1884757579
	0.1956757517	0.187747172	0.1837078806	0.184563323	0.1875799798
	0.1908122271	0.1952592293	0.2000317623	0.2026432713	0.305794251
	0.3180960532	0.2955207117	0.3204600668	0.290705805	0.302100507
	0.3032217725	0.3126207579	0.2746922983	0.2823451939	0.2911213649
	0.2491939634	0.3046509175	0.2665133026	0.2865154663	0.2791006212
	0.2993013234	0.26347276	0.194717798	0.2312976126	0.2047998263
	0.2446158032	0.2017348503	0.2180269662	0.2156268992	0.1651340125
	0.2201358587	0.1590966843	0.141129424	0.1470128692	0.1765261627
	0.1910713254	0.1959259129	0.1261955467	0.2428682082	0.2037246268
	0.1969110887	0.1934730895	0.2001605996	0.1891419705	0.186874604
	0.1708981548	0.186237061	0.1723502399	0.09262903045	0.1522497615
	0.170871666	0.1224882716	0.1484257829	0.1435274663	0.1815270753
	0.1732669274	0.187501844	0.1152192703	0.004619310244	0.01782124803
	0.0383638442	0.0235619569	0.08470625731	0.06302701617	0.04497539926
	0.1338681448	0.008640781269	5.193129851e-066	1.091112223e-066	0.190288423
	0.2788130926	0.2184907798	0.2674254359	0.2266369431	0.2679342621
	0.2217912903	0.266159061	0.2463174316	0.1849879299	0.1863275466
	0.1931739881	0.1956223522	0.1898946135	0.1829985682	0.1885808387
	0.1835756254	0.1898627828	0.1920003125	0.2885066711	0.2794263245
	0.2585468774	0.2516499386	0.2649959917	0.2011019882	0.2290612045
	0.1897851951	0.2627624321	0.2269015917	0.2379903774	0.2291412587
	0.2567788655	0.2044392782	0.1335453057	0.1105243144	0.1760057502
	0.09636522723	0.0942571369	0.1312500313	0.1667978808	0.0780452877
	0.08119914671	0.06445865504	0.1822634006	0.1678400235	0.1714368105
	0.1773169677	0.1558900795	0.1307086241	0.1513282865	0.128069789
	0.1556953337	0.1566905856	0.1346202741	0.1394495646	0.1095471071
	0.03003229069	0.1079425354	0.06543712598	0.06655538077	0.007901648756
	0.02972965036	0.1035398864	0.08296999123	0.108134943	0.06446280078
	1.529587422e-066	0.008260824062	6.715673377e-066	0.1590486121	0.1749321095
	0.1639156692	0.1711482563	0.1952758115	0.2238455784	0.2180784174
	0.2012033723	0.1430067554	0.1759759683	0.1563304618	0.1830831772
	0.1653069631	0.1783885404	0.200894456	0.2067515933	0.1706686019
	0.1639411065	0.1834287459	0.1728697927	0.188366732	0.1940050205
	0.1150162475	0.05474304571	0.04473778441	0.08019934266	0.06825546655
	0.09852103519	0.09716926353	0.05239761736	0.0598230638	0.06591119676
	0.07291716331	0.04342261439	0.04919325543	0.05504483581	0.05436001637
	0.07877830804	0.1500901956	0.139277208	0.1336981462	0.152900726
	0.1225549128	0.1102351885	0.0880384663	0.09396560372	0.1010426083
	0.1174312214	0.1184910454	0.02931114855	0.02201628191	0.04683020008
	0.007532544266	0.03714784528	0.06422773686	0.05343385776	0.07348735964
	1.534293237e-066	0.004533744196	5.436783536e-066	0.146734569	0.1333550882
	0.1338975002	0.1284273257	0.1318525789	0.1468807046	0.1463598769
	0.1383073663	0.1115267451	0.1219378721	0.1669746383	0.1287841114
	0.1561663887	0.1466171091	0.1282352974	0.1280442513	0.1309975145
	0.08880945654	0.1011301498	0.09840010164	0.1019521388	0.1091877114
	0.07043415003	0.07397672585	0.08486157104	0.08821628415	0.1132587252
	0.08744727634	0.1009876771	0.09136230196	0.09275583037	0.1039892329
	0.0839929231	0.07408149686	0.09571543213	0.09006184236	0.1045447074
	0.1062675678	0.09078405362	0.09873469029	0.07423188999	0.06177677307
	0.1144778402	0.1110190806	0.07982282446	0.03064133883	1.163709825e-066
	0.01638829097	3.974159428e-066	0.04511828578	0.02105109262	0.004263431497
	0.008035669625	0.05863417582	0.0347344003	0.1183561014	0.1080545074
	0.09749691406	0.1139109385	0.09959355453	0.104129515	0.1104421153
	0.09249056114	0.1138909789	0.08970640802	0.007877243582	3.072275441e-066
	8.741003101e-067	0.002939220648	0.1160107514	0.1070668788	0.1082425942
	0.1174986872	0.1082862069	0.114388845	0.1074528366	0.1056501357
	0.1023263466	0.112032693	0.1096195289	0.1140762819	0.1064492835
	0.1019969423	0.1041758418	0.1089916163	0.1053575211	0.1023746313
	0.09807537169	0.09932688397	0.09140647238	0.09123569092	0.1178949383
	0.1230589847	0.1225067917	0.1122725197	0.1208192093	0.1132873446
	0.1110308454	0.1189067305	0.12200597	0.1248086473	0.1252557454
	0.1204050731	0.01781196386	0.03881730818	0.06649806767	0.08036729657
	0.07563154214	0.05941073864	0.07041907953	0.04811399175	0.02632780739
	0.08064541228	0.01057901487	0.01282138836	0.03004438355	2.50584353e-066
	0.003004649558	7.100029072e-067	0.004412476296	0.1202556508	0.06912466817
	0.08836260806	0.07732070586	0.09715616184	0.1075682244	0.1057765111
	0.103740108	0.1083218675	0.09849319825	0.1032353027	0.1131429632
	0.115262177	0.0917937366	0.08291976178	0.1062940935	0.1123589791
	0.1148368196	5.533652166e-067	0.004677225553	1.680969191e-066	0.1285144036
	0.1282970917	0.1289598682	0.1290147142	0.1275882141	0.1272898387
	0.1253472293	0.1194059095	0.1245885024	0.1179519509	0.005145980813
	0.05312973992	0.02243059138	0.04323229798	0.03401594304	0.06080837439
	0.01568086727	0.09238776329	0.08896017116	0.1080440675	0.07112470451
	0.05262156664	0.109864844	0.08498380208	0.07318225635	0.09636647348
	0.1032863392	2.97350551e-067	0.009839635941	6.86549803e-067	0.09333558196
	0.1238866911	0.09177140929	0.1027144759	0.1117242766	0.1181899158
	0.1096815311	0.03205267398	0.01140096198	0.03144790947	0.05170163759
	0.05177493787	0.07308203102	0.0725056838	8.237221047e-068	0.00799612622
	1.354318976e-067	0.08186247909	0.06706784548	0.05447730138	0.008757773383
	0.06894195845	0.09278356089	0.02813009008	0.04830215165	0.03426786775
	8.737400146e-069	0.01196585234	0.03845379846	1.136805191e-071	0.01205711128
	6.435844545e-069	