6735	
	0.05489257899	0.0346568493	0.03728864655	0.04154634852	0.04120372081
	0.05599053995	0.07909530936	0.06948131345	0.05223456927	0.09434505036
	0.08005350166	4.287867575e-066	0.0125417628	0.02599907908	0.04063830878
	0.06148856998	0.05753483517	0.07547987795	0.08417308231	0.03953880371
	0.06087198034	0.07055151481	0.05518009867	9.19558434e-068	0.0001546290769
	1.957240654e-066	0.004611730877	0.005776963376	1.647371109e-065	1.455660512e-066
	3.017722032e-066	7.896265844e-066	0.009965648051	8.585089247e-065	6.411936276e-068
	8.25491266e-067	0.001759004653	0.001408635126	1.780899544e-065	7.641326605e-065
	0.04350477007	0.08579521407	0.07343814832	0.0574147491	0.07716822653
	0.09801578749	0.08625627735	0.0617012058	0.09854257236	0.04007055053
	0.02474676554	0.01169773701	0.0067210117	0.008598097774	0.02413140671
	0.01956336375	0.02290386219	8.113061779e-067	1.641792558e-066	0.008674853957
	0.01784084032	0.02208594189	0.1022845199	0.1177874526	0.105427598
	0.1146012221	0.103174763	0.1152886705	0.1086597506	0.09395793972
	0.1106248928	0.1152536552	0.1044302997	0.122538115	0.0464812197
	0.02743676397	0.01896127568	0.03505437357	0.04464622372	0.02580505522
	0.08772168292	0.08569074068	0.0659704984	0.0746599531	0.1001990279
	0.06203867141	0.07849434919	0.001630361825	2.022342927e-066	0.0007488466427
	9.633252997e-005	0.0003672795221	5.784860298e-066	0.001159321633	0.0005019532515
	0.01311251293	0.0008734272233	0.003454731507	0.0005124769106	0.0009822813692
	1.641111962e-065	0.001500878509	4.528648823e-065	0.002830530585	5.671835477e-066
	0.004816343291	0.02496090231	0.003217574875	2.95135796e-065	0.01317253892
	0.01301531428	9.256249371e-066	0.003763004249	0.003309605434	0.02173565147
	0.002836592072	0.004433420459	0.001342918652	0.004624032059	0.004104782553
	9.148879419e-066	0.004242056656	1.838778479e-066	1.267728247e-065	0.005534987747
	0.003464498162	0.00241346879	0.004545837372	1.959639681e-065	3.752347173e-066
	0.12938176	0.0601575821	0.07471095462	0.05535324814	0.04012163673
	0.09169826477	0.1064415407	0.1007839236	0.07817191905	0.1121445959
	0.1227736874	0.1197958948	0.02549897849	0.01025449879	0.02159656834
	0.0460620928	7.904982536e-067	0.008656078044	7.341379995e-067	0.120951032
	0.1332593235	0.1260534506	0.1333284166	0.09969113658	0.119144001
	0.1152502639	0.1276889559	0.1390640156	0.1370293838	0.1297873746
	0.1389104026	0.1426477727	0.03568936758	0.04946416409	0.05350787495
	0.06280351744	0.05864021459	0.04841095026	0.07330664921	0.03962532031
	0.03506275389	0.03719512247	0.09253800024	0.0750770367	0.08858574922
	0.1038408906	4.520902926e-065	8.394144116e-066	0.0004679711414	0.0008852817219
	0.002673567285	0.001147610149	0.003713719531	0.008625942221	0.04855278279
	0.008743152775	0.01250216462	0.01629449115	0.01765677292	0.0235579969
	0.03295425751	0.04565134914	0.01051173856	0.03594990726	0.02252107105
	0.008942549477	0.01626755687	0.01548881845	0.006925936207	0.01525158966
	0.008878563621	0.01039446405	0.006455819558	0.01273320503	0.00699188379
	0.01922290337	0.1191803859	0.1338733227	0.1303858042	0.1265568505
	0.1256198038	0.09061766017	0.0417356424	0.06635741383	0.07751676138
	0.05907424676	0.1092354321	0.1099339756	0.09945023627	0.00637036035
	0.01930339925	0.03636644463	0.01796715017	1.266270995e-066	0.00649443076
	3.676666441e-067	0.1338685295	0.1377041152	0.1212303672	0.1058950065
	0.1250380815	0.1300556478	0.1415396051	0.1428323901	0.1356039079
	0.1424700243	0.1396026973	0.1341120078	0.1335836213	0.1379193343
	0.1399723065	0.1311710898	0.05936177278	0.06489892387	0.07133529949
	0.07901311214	0.08300338303	0.09569974359	0.09383304552	0.109219854
	0.008442230768	2.059139888e-065	0.002238864026	7.043988584e-065	0.00387808076
	0.008397624857	0.005181088166	0.01111138629	0.03358515697	0.02714055709
	0.02569150656	0.02520527327	0.06359282856	0.04064416673	0.03673539259
	0.05368114192	0.05383482138	0.04225952097	0.03060466138	0.03226298893
	0.03165311302	0.02524300448	0.02003481347	0.02027584604	0.02812625886
	0.02793569669	0.1359203225	0.1426333603	0.1414188964	0.1376541811
	0.1259811254	0.1342318279	0.1316394126	0.03514908953	0.11025815
	0.08830590407	0.1189876511	0.1079875074	0.05493402075	0.06401083529
	0.07170165041	0.08229056489	0.09648816463	0.09983610113	0.1361250917
	0.01766021336	0.04337125736	0.005188230356	0.04617202319	0.01857171965
	0.005530833591	0.002304212546	4.429658209e-066	7.511094945e-067	7.546194694e-066
	1.541384635e-066	0.001995439582	0.1336898781	0.1257697004	0.1086394142
	0.1199267766	0.1272212801	0.1184739005	0.1328129303	0.1234397021
	0.1304208264	0.1276787851	0.1480655292	0.1245106145	0.1209375546
	0.1368863138	0.1276130483	0.1134989605	0.1181606841	0.1132694551
	0.1047170225	0.1034410846	0.0615726263	0.07178284896	0.08418787206
	0.0741657921	0.08500568439	0.07819918972	0.09388784935	0.01349835048
	0.009489518306	2.851116209e-065	0.004300939972	0.005877213436	1.44335325e-064
	0.01749212606	0.02519258188	0.009551601845	0.02100021316	0.04455417185
	0.04112126423	0.0267543002	0.03880714809	0.06080690022	0.04466923854
	0.05274933724	0.05165365169	0.03979505404	0.03281752695	0.1498370398
	0.1429608788	0.1630049969	0.1491400461	0.1630374621	0.146679754
	0.1720079506	0.1517689246	0.1530995899	0.1736001521	0.1691621688
	0.1494131776	0.1420035332	0.1648998082	0.1356451951	0.1548164681
	0.1696113199	0.1792138946	0.1883745447	0.1878573295	0.1424288666
	0.1269882035	0.1183348592	0.1363719813	0.1412561929	0.09103173756
	0.09206671131	0.1072364796	0.12786191	0.06062938531	0.07452543278
	0.1076804613	0.1554908779	0.1700883049	0.1720052836	0.1524790005
	0.01095743905	0.02558607007	0.04224726399	0.03215150616	0.07251904054
	0.08038417614	0.04940521123	0.01715630809	0.006526182672	0.01956489591
	0.002378698656	1.326264738e-065	0.007358090212	2.68002331e-066	0.001610596736
	0.1003259934	0.09245534402	0.1096607305	0.1041648843	0.09195307917
	0.09106001255	0.09030639279	0.1097580358	0.1439203795	0.1112966507
	0.1236004674	0.1096106628	0.1026377453	0.1234077833	0.1037705572
	0.1164372961	0.1269238326	0.1124658656	0.1277534821	0.09113858835
	0.09613957328	0.09742592267	0.09100325176	0.06011920792	0.0744502105
	0.06635764425	0.07089517692	0.07741213679	0.06194597889	0.05406166403
	0.007725625174	1.636930879e-064	6.093705406e-065	0.0103055001	0.02879524701
	0.02092927936	0.03974077089	0.04394219931	0.04974503097	0.02797231907
	0.02300754145	0.1432566555	0.1400426322	0.1530592652	0.1965714894
	0.1828837452	0.1872703481	0.2062371682	0.2047638651	0.1929378553
	0.1895135629	0.2005063906	0.1594467877	0.1827948153	0.17884789
	0.1983432204	0.2064572089	0.1608655022	0.195805195	0.1778642229
	0.164445208	0.1743529894	0.1590157844	0.174720077	0.1698489051
	0.1461443325	0.1606600008	0.1310034735	0.1479005799	0.1124224423
	0.1133188685	0.1899677069	0.2003754219	0.1844005671	0.2051289408
	0.07255679244	0.1120265615	0.0957065006	0.1336228531	0.1464866074
	0.1155238736	0.03746273729	0.02057051613	0.03658708039	0.0589914865
	7.68238848e-066	2.435969787e-066	0.002404319196	3.363951764e-066	1.233736913e-065
	0.003295969952	0.009964321971	0.02054399914	0.003022703378	0.00209335649
	0.008435454867	0.0115443794	2.301146678e-068	5.675115438e-071	0.02739419704
	0.03186457791	0.008110109701	0.04867442698	0.05304783452	0.08851124161
	0.07575007625	0.07025623658	0.09285024382	0.1039709974	0.1091510378
	0.1155749096	0.08375407139	0.07410335023	0.06916462252	0.06325625441
	0.08643243629	0.08239020744	0.07853712871	0.09523104803	0.1063607064
	0.1300773154	0.1022162733	0.1142107103	0.1185621963	0.13264604
	0.1265701053	0.1220202934	0.1000024695	0.0901140169	0.07905748245
	0.09444298611	0.04319997614	0.05299613009	1.313585647e-064	1.770352042e-065
	0.05972390275	0.009751700651	0.04383296337	0.0134824536	0.03750022606
	0.03297958635	0.02926929476	0.02583324967	0.03679187275	0.2032728523
	0.1995858673	0.2327805567	0.2558889751	0.2110502019	0.2247879096
	0.1956428011	0.2436092638	0.1330118289	0.1481759824	0.1496502296
	0.1576013288	0.1323629083	0.1420670598	0.1402491388	0.1563700989
	0.1627751846	0.1662667837	0.1704075686	0.1268370799	0.1300322183
	0.1382701869	0.1304945083	0.1257307565	0.2143689879	0.2206617569
	0.2139561419	0.2223916984	0.2222619277	0.2165894736	0.2198118818
	0.208426369	0.2157560586	0.1797003155	0.1989971558	0.2132410658
	0.2070752404	0.1981977296	0.1923927696	0.1895394409	0.1856686032
	0.1806656232	0.1635440537	0.1671758852	0.1732245232	0.1766604472
	0.1949782067	0.1668650261	0.1882958362	0.2174306295	0.204241785
	0.2148159846	0.2093327335	0.09959890051	0.08245494649	0.05548895153
	0.07928777403	0.1374705665	0.1559383748	0.1350510875	0.09981168922
	0.1519335862	0.117327045	0.1757253204	0.02172612231	0.04300198143
	0.03508182037	0.06004187999	0.009940118578	4.595730466e-067	3.229646162e-068
	0.0105220768	0.00242430996	0.003205705423	4.374301626e-066	0.003496342979
	2.005015926e-066	1.484242238e-066	8.270670892e-067	0.008452203267	0.004020347078
	2.819423202e-067	0.009801874354	0.008691908996	0.01000723419	0.02944118658
	0.01823383593	0.02034648249	0.01167091814	0.09644019111	0.03404698571
	0.07512476373	0.09329411536	0.05620132239	0.05569685013	0.07670829949
	0.0307932643	0.1121392777	0.1191876578	0.1096434008	0.1200781951
	0.1288994041	0.1255670635	0.1237713764	0.1169325833	0.1162329538
	0.06487743282	0.04778879715	0.08095824571	0.06739923941	0.1228522614
	0.1244602896	0.1128289509	0.1059621272	0.1183241195	0.1143465703
	0.1223805308	0.1204581538	0.1232085389	0.08461707846	0.0994697176
	0.1079371051	0.09909408041	0.08265515934	0.01432251343	2.181855848e-064
	0.01428875564	0.04633944069	6.650871299e-065	0.03368126717	0.03597799043
	0.01797573878	1.750659357e-064	0.009861581756	4.642825392e-065	0.1830115389
	0.1482707507	0.1671869241	0.1688815388	0.1477215789	0.1993484311
	0.1502068831	0.1640481795	0.1348006475	0.1738861032	0.2072494399
	0.2884376891	0.2428266441	0.269841651	0.2628380123	0.2391697384
	0.2379754108	0.2348709778	0.2747090447	0.278926459	0.2663405652
	0.2762694101	0.303978906	0.3144994544	0.3161635122	0.2874809056
	0.1702348108	0.1600112909	0.1384448045	0.3032643751	0.2795737997
	0.2630404318	0.2286600302	0.2135907673	0.1893411479	0.1962147466
	0.2433481772	0.1429169805	0.1523051009	0.1380299159	0.1480316592
	0.1431643806	0.1559666963	0.1449102034	0.1550596007	0.1250338563
	0.1209092579	0.1187268863	0.1230741269	0.1304187105	0.1191704326
	0.118086304	0.1279602819	0.2252689843	0.2267524172	0.2258898891
	0.2207448474	0.2252595471	0.2229664981	0.2260383412	0.2261827086
	0.2177617509	0.2208769454	0.2228550068	0.17356071	0.2001399839
	0.1873364912	0.1899388159	0.2126825959	0.1986808641	0.2103131634
	0.1549275007	0.1697550948	0.1460578606	0.1589143027	0.1958534631
	0.1995927507	0.2078425615	0.1783823278	0.2232612522	0.2088446048
	0.2167078806	0.2164846032	0.1195981894	0.09481428588	0.06519365124
	0.08356344147	0.1557006781	0.1279700094	0.1792912158	0.1573555961
	0.04948844203	0.07700320452	0.03844242517	0.05955392574	0.02660397428
	0.01196910076	0.0383909273	0.02978506364	0.01804765911	0.04850383348
	0.0198205397	0.02979403254	0.04901248059	0.03869273052	0.1054527743
	0.1123627882	0.08911727348	0.1025328192	0.07036858426	0.05788337349
	0.0860099558	0.0773738796	0.1079987459	0.1291622052	0.1248383547
	0.1307474486	0.129229497	0.1282959701	0.1254049128	0.1255608616
	0.1213747573	0.1146647127	0.1212400859	0.1201780436	0.1247655162
	0.1165666912	0.1105691898	0.09817262302	0.1051100022	0.09011764717
	0.1195316918	0.1040405334	0.1106174034	0.1142253485	0.1235488662
	0.0678797373	0.06312772599	0.05021737829	0.07486552678	0.06997678484
	0.1157791698	0.1233464601	0.125471182	0.120159522	0.1142096382
	0.1215373617	0.1234372388	0.1257445903	0.1108549241	0.1184196185
	0.1226670656	0.1186205871	0.1212515596	0.09957957686	0.09255764498
	0.108728315	0.1257724733	0.08499654159	0.1023765977	0.08090380303
	0.09525188991	0.04499958641	0.03568535551	0.0322418992	0.03966528542
	0.04453433799	0.007893086296	5.026000697e-064	7.929353348e-065	0.02568851799
	0.02700718794	0.03688653223	0.01095192258	6.074281988e-064	1.691990118e-064
	0.006697228172	0.1198729583	0.1044804764	0.09939882081	0.1291036498
	0.1232011011	0.1096101406	0.0899404796	0.09741467216	0.08615392782
	0.1043183001	0.09071654673	0.3663008646	0.321380269	0.3460076933
	0.3427227041	0.1579994518	0.215393452	0.1912973288	0.1812673435
	0.1361596167	0.1685871301	0.1155597964	0.1399167235	0.254539015
	0.2225259724	0.2667767406	0.2473890106	0.2700030978	0.28679518
	0.3005383233	0.2955308363	0.2828695759	0.3025287301	0.3190085035
	0.3217052519	0.3120077834	0.308223153	0.3021889478	0.3291753246
	0.3048210817	0.2929399594	0.315876879	0.3138893546	0.3156567974
	0.3394921354	0.3293468972	0.3420064862	0.3658194302	0.3427704807
	0.3541497168	0.3430486518	0.3714476436	0.3636429067	0.3896357779
	0.2040579661	0.1636830503	0.1808235656	0.1304463334	0.1666160907
	0.1924024147	0.147015403	0.1515977673	0.08160023843	0.09553227538
	0.1156144686	0.1234888027	0.1343162308	0.1113188525	0.09533675102
	0.1051823885	0.1760919011	0.3702291889	0.3849155417	0.3521863666
	0.2960474896	0.2965538881	0.349229614	0.2627775714	0.3221770219
	0.3223784605	0.2610370489	0.2165055983	0.2420673031	0.2296979509
	0.132266095	0.1208010045	0.1324364999	0.1195484133	0.1430485638
	0.1355882047	0.1238538561	0.1330617752	0.1099373163	0.1102828245
	0.1090239004	0.1023050897	0.1089046331	0.09930632552	0.1060249786
	0.1006660274	0.2206716647	0.2172022718	0.2206786261	0.2252250544
	0.2120323161	0.1842187402	0.2099546975	0.1983043432	0.1857246914
	0.1984887805	0.167250304	0.1428241807	0.1538857001	0.1585129638
	0.1707978347	0.1489703125	0.2115843806	0.1988385167	0.2135320349
	0.2046703079	0.199168094	0.1924715433	0.1786120185	0.2079928477
	0.1033180596	0.08378547559	0.1077785069	0.1303862282	0.1563679286
	0.1717891394	0.1530504944	0.1317577471	0.06844697267	0.04920621909
	0.06698207837	0.06879568387	0.07902228537	0.05692771461	0.09001005614
	0.09755916751	0.08942384194	0.1002101147	0.1066642305	0.08331419892
	0.08271671608	0.09173200113	0.09428775235	0.1061463359	0.1154375381
	0.1114048707	0.1089724394	0.117352192	0.1143662953	0.1113853908
	0.1219652799	0.07494722112	0.08366764781	0.06236594613	0.07107698767
	0.09252321307	0.098982746	0.1079837534	0.101744238	0.08961005908
	0.1078696435	0.11939884	0.0845037284	0.0953317635	0.09760923565
	0.08200170466	0.06290456621	0.05225826805	0.05705643775	0.06465286712
	0.1139300052	0.07201437525	0.08942537978	0.07395564598	0.08973051907
	0.1109985361	0.09952326734	0.09732374552	0.1040363188	0.1292222883
	0.1267997647	0.1312977146	0.1324511056	0.1077512467	0.1257840472
	0.1163733523	0.1195881565	0.1177221496	0.1272021561	0.1126393402
	0.127063551	0.1371254385	0.1381424082	0.142346645	0.1444792255
	0.1365645455	0.1073441342	0.1308764372	0.1241402004	0.1055065724
	0.06360982913	0.07478788664	0.06225929539	0.07133013569	0.05605262496
	0.07339656893	0.04736369549	0.04348792456	0.05051254853	0.04934768079
	0.04524983917	0.005727164881	0.02581446483	0.03651265518	0.04250644088
	0.03700906269	0.0218924289	0.01112731443	3.868391722e-064	1.372519908e-064
	0.06412043454	0.06042678411	0.06334245968	0.07715664192	0.07979100911
	0.08427349444	0.07389819122	0.08216622364	0.05781156568	0.06286462228
	0.06948451528	0.0726554658	0.4050853329	0.4382464469	0.3951817218
	0.4037492485	0.3970525012	0.414424185	0.4163864259	0.3908169547
	0.4199322585	0.3896488066	0.4216117525	0.3910256551	0.4224407544
	0.4512534239	0.41380079	0.2316254444	0.1473033967	0.1820588941
	0.1988197087	0.1689639529	0.2100018771	0.1410027164	0.2572275069
	0.2960098819	0.2743383709	0.2579260554	0.2738492671	0.2899228828
	0.23684878	0.2823695499	0.3242694466	0.3235381669	0.3150772253
	0.308085701	0.3164053882	0.3198585831	0.3038908272	0.3026091686
	0.4182525491	0.3314310401	0.3352205911	0.3337065392	0.3440919215
	0.3322857333	0.329826673	0.3380755601	0.3432916158	0.3718787479
	0.4025859117	0.3949032774	0.4128488854	0.4065470018	0.3570543403
	0.3620296211	0.3748774745	0.3699087106	0.338992686	0.3505669532
	0.3505200006	0.3818236343	0.3850849123	0.393556001	0.2281777242
	0.2026703082	0.2023790893	0.2266015325	0.1396337021	0.1764054946
	0.1676352047	0.1529364647	0.1068382084	0.1122071142	0.09000647248
	0.09352893413	0.1093336203	0.1520047973	0.1273790272	0.1309160277
	0.1443278751	0.2256984579	0.1897757017	0.2007315128	0.217124704
	0.1239399482	0.1340514636	0.1475690233	0.1685191278	0.4505784587
	0.4201869207	0.4364133272	0.3883635186	0.4038428359	0.3056209725
	0.3531701769	0.2819343723	0.2543087509	0.3720028924	0.3235757426
	0.3338408976	0.27404216	0.2947480763	0.2529429051	0.1530532434
	0.1151824141	0.1354862525	0.1064821742	0.1160934998	0.1432760986
	0.1277591766	0.1244666818	0.09971490477	0.1083538706	0.09518403002
	0.09765612713	0.0931893563	0.09111877552	0.09281312327	0.09334582913
	0.1968161124	0.1976489779	0.2059558513	0.201616205	0.1876461541
	0.1643009028	0.1911955152	0.1752916578	0.1670526486	0.1772520907
	0.186538487	0.1620243138	0.1769113528	0.17108904	0.1794817722
	0.1811099735	0.1931102173	0.1870072828	0.1949453253	0.1899056638
	0.1846189526	0.1702149786	0.1823620765	0.173022272	0.1828829565
	0.1657958409	0.1310174236	0.1586476119	0.09775723153	0.1376010589
	0.1206863157	0.1108759871	0.1487246409	0.1052836903	0.1082199538
	0.0881122428	0.09468380772	0.1003312133	0.1081761357	0.1093653892
	0.1021916541	0.1002254493	0.1075846694	0.1066852478	0.1078051937
	0.1063222506	0.1036568578	0.1094398121	0.1078914498	0.1077639427
	0.1003657746	0.04339362121	0.05100057812	0.06935220305	0.09600937804
	0.08952315647	0.07958159192	0.06214611485	0.08783115911	0.1023027674
	0.1179778723	0.07853113185	0.1206370599	0.09033838056	0.06918288847
	0.1349811084	0.1840310343	0.1774011585	0.1466666641	0.1511850316
	0.1241763169	0.1420735396	0.1076605192	0.09685505062	0.09817293432
	0.09285327836	0.1044284518	0.1332975235	0.1148916204	0.1217677352
	0.1074742046	0.1250459931	0.1392946322	0.1316399833	0.1538715795
	0.1472154654	0.138985695	0.1476307016	0.1546109639	0.1408262959
	0.1467717183	0.1544050369	0.1621738972	0.1514174143	0.1603537239
	0.1575744608	0.164835563	0.1749222481	0.165646566	0.1846525971
	0.1496208156	0.1281215435	0.1811295175	0.1529640112	0.05342096118
	0.04547378877	0.04209650213	0.05585521451	0.04308074996	0.03707159214
	0.03503744122	0.0362092442	0.02938619148	0.03314406318	0.01025683107
	0.02486939482	9.583923913e-065	0.007458966439	2.558929988e-064	0.07883268949
	0.08548353038	0.0912212522	0.1144663113	0.1107007623	0.0699220713
	0.1001626587	0.08817793202	0.1251867349	0.1054952816	0.09440870709
	0.03836104154	0.03634088112	0.03101422568	0.04791131705	0.05250749353
	0.0650102156	0.05582106169	0.03864545111	0.05114903421	0.4668326524
	0.4816160455	0.4662727326	0.4928798275	0.4536377371	0.4936634606
	0.5069349011	0.4684811772	0.4810291576	0.4787250373	0.4234342748
	0.4805591731	0.4928340913	0.4852302155	0.4642327513	0.4451684233
	0.431373357	0.4299238169	0.439910071	0.4472339679	0.4319424053
	0.4697614302	0.4382124567	0.4573130326	0.4475547369	0.2374590705
	0.2273702322	0.2073342265	0.2168091381	0.2192209266	0.2796901574
	0.2936129209	0.2683673627	0.2518900297	0.2590837857	0.3033045575
	0.3239747387	0.310724107	0.318584331	0.4283129869	0.3373299666
	0.3446343869	0.3327497141	0.3460864696	0.3419661044	0.334851784
	0.3396745416	0.3322631812	0.35251615	0.4145165986	0.4009730076
	0.4123176918	0.4050541175	0.3480814681	0.3479443397	0.3440042872
	0.3424804308	0.3641308757	0.356278731	0.353619733	0.35981072
	0.3839851962	0.3780780001	0.3957490923	0.372101023	0.3851123561
	0.368017249	0.3903137274	0.3928893037	0.381822428	0.3751935402
	0.2538587417	0.282106044	0.2434868254	0.2808330396	0.2044950153
	0.1796223049	0.1968965062	0.169688647	0.1316449075	0.1586982149
	0.1744285579	0.1857435355	0.1604105245	0.1454015804	0.1582560959
	0.1851793821	0.2329636878	0.2676668658	0.2229665131	0.2501320947
	0.2380382045	0.2051059296	0.2333227383	0.2436626832	0.2185433535
	0.2014951939	0.1837027595	0.2162152033	0.2386806962	0.212815689
	0.2422463907	0.2333428359	0.2640681191	0.2702076049	0.2878131913
	0.2919217023	0.2747638672	0.462206623	0.4524237495	0.4232245675
	0.4801378169	0.4902136675	0.3125067925	0.3515448353	0.4021566356
	0.4320400369	0.3908119445	0.3615576323	0.3125542816	0.3467861723
	0.342582919	0.09594556357	0.1541970666	0.1688444544	0.1388467032
	0.1537301941	0.1082339159	0.1191489145	0.1220977928	0.1385543534
	0.1053855252	0.09771663009	0.09649500977	0.09975918311	0.0933089262
	0.09719468189	0.09253553814	0.1753836722	0.1906934084	0.1872764
	0.1892753785	0.1865395976	0.1895804121	0.1889219873	0.1868448576
	0.1909319964	0.1957575539	0.1963499807	0.1869517016	0.1959982578
	0.1844221301	0.1887725683	0.188075429	0.1877481147	0.1868093852
	0.1823197112	0.2079818262	0.2324790086	0.1989201279	0.2267516825
	0.2100556429	0.1721830499	0.1957003365	0.2139850596	0.1855496943
	0.1220411699	0.1568207387	0.1667615465	0.1377682631	0.1482955165
	0.1802251965	0.1312777532	0.1159182319	0.1277667648	0.1174055298
	0.1169865418	0.1271367394	0.1097062347	0.1141028899	0.1727903693
	0.09044912004	0.09668432102	0.109590319	0.1032564361	0.04028656588
	0.07120297599	0.07954744287	0.0518169674	0.04281508654	0.05145643972
	0.1841949376	0.2159776048	0.1410077184	0.1729220805	0.1993436371
	0.1689983389	0.1966141747	0.1971673493	0.1824163849	0.1581984494
	0.2177157205	0.1490271803	0.1029209305	0.1031727018	0.1119764431
	0.1157717852	0.1258656275	0.1410531652	0.1320609648	0.1130046973
	0.2075045243	0.1603799979	0.1821636241	0.1800709126	0.1839653056
	0.1703961711	0.1713925242	0.1766861956	0.1655206739	0.1942815159
	0.2123448357	0.1981266793	0.1774784191	0.2083147534	0.2358523994
	0.1944068326	0.2317063394	0.1116600565	0.1230024417	0.1436575252
	0.1620725811	1.274599894e-067	1.227577479e-005	1.097364278e-005	1.886018584e-006
	7.977352159e-006	3.072440182e-067	0.02656800072	0.02977959266	0.02280787166
	0.03317030051	0.02458702438	0.02554918586	0.02477046905	0.02016809633
	0.006140381235	0.02923288879	0.01916985983	5.740491481e-065	1.288287257e-064
	0.005764688442	0.05702944271	0.07913832785	0.09485327075	0.06527713519
	0.07189622507	0.08404874973	0.06936717231	0.01510463791	0.01633193727
	0.02069454801	0.0233998398	0.02876972192	0.03475636185	0.03691825672
	0.05256425362	0.02637495058	0.04500506941	0.01563043658	0.2523173089
	0.5233248639	0.5066682184	0.5225008553	0.517377168	0.5163586042
	0.5061561642	0.5066884731	0.5315096695	0.5261812271	0.5330842513
	0.5156851888	0.5327130073	0.5050443604	0.522562134	0.5133790987
	0.4972072646	0.4262885378	0.425187433	0.4863968352	0.4426169284
	0.4616295291	0.4721543141	0.4535136012	0.4458731018	0.4742520625
	0.5030261856	0.487756547	0.4607236821	0.4140709459	0.4249650033
	0.4152227914	0.4030376547	0.2428690238	0.2358832275	0.2408361469
	0.25959267	0.2608120675	0.2511955642	0.3633445432	0.3347503101
	0.3536067031	0.2623167288	0.2624787067	0.2436251273	0.26832986
	0.2919287028	0.3049509122	0.336649487	0.3238876101	0.3195601857
	0.3002833662	0.2819902376	0.3025990234	0.2907071026	0.3896729048
	0.4091205951	0.4280588259	0.4554876252	0.424499069	0.3486422202
	0.3689117409	0.3563783218	0.3724564248	0.399399255	0.4156808432
	0.3945646409	0.4130840121	0.3955303514	0.4019631065	0.3957635171
	0.402209975	0.3929860984	0.396612262	0.3929603192	0.4045200228
	0.4050061491	0.4036938935	0.395725495	0.4067009102	0.4075113911
	0.3942103453	0.3880647355	0.3921435913	0.3909765912	0.3902102682
	0.3501051979	0.3572936201	0.3487640065	0.3585175023	0.3696191825
	0.365258699	0.3730071217	0.3798434338	0.3601177051	0.3694931242
	0.3842684343	0.3872175878	0.3854521562	0.379960385	0.3769827537
	0.3866470317	0.3535030675	0.3628835527	0.361772975	0.3672646048
	0.3570018211	0.3637195063	0.3578524816	0.373607173	0.3721639301
	0.3666074127	0.3312627137	0.286788012	0.3077231226	0.3627128813
	0.2432349082	0.2311087128	0.2294571335	0.1993484223	0.2132813164
	0.2590839213	0.2376898424	0.2088487129	0.1870756443	0.2147341468
	0.231995379	0.2494365526	0.2516686024	0.2691693392	0.3074382039
	0.2886116615	0.279231768	0.266964486	0.2593152612	0.2792784958
	0.2673051129	0.3022746985	0.2880840839	0.2723088177	0.2987217624
	0.2549659037	0.2587321896	0.2819486652	0.2592513172	0.28453968
	0.2704388523	0.2590259505	0.2790836499	0.3082110716	0.314921271
	0.3347004617	0.3154070083	0.3435913176	0.3207731431	0.3498732336
	0.3264716261	0.5405778821	0.471650878	0.501003755	0.4438326144
	0.4820449133	0.526337374	0.5320531504	0.5117059194	0.546734164
	0.3871239839	0.4507667336	0.3797521622	0.4527214436	0.4128189956
	0.4018587381	0.3977970946	0.4535727943	0.4349170736	0.4576754192
	0.4221573154	0.4775829703	0.5059853245	0.1037007632	0.1060234965
	0.1195763648	0.1156107088	0.180460115	0.1378363774	0.1592787718
	0.1560590578	0.1171147614	0.1155231886	0.1184372489	0.1261530597
	0.1390251787	0.1096397514	0.1045960434	0.2008460299	0.1976901591
	0.2128524702	0.1932241735	0.2179438719	0.1970577575	0.2251260496
	0.2285692909	0.1911386594	0.2049058354	0.2230697076	0.227913271
	0.1975503242	0.1954672773	0.232798663	0.2519143112	0.279369179
	0.2775991841	0.2509365113	0.2549735007	0.2267441664	0.2601546104
	0.2719032438	0.2438199949	0.2413810114	0.219466732	0.186977828
	0.2063207017	0.1077446582	0.1540857909	0.1332135104	0.1709772657
	0.1464310502	0.2427217385	0.1205782886	0.1387529244	0.1249570455
	0.1832739445	0.2130317906	0.2018947503	0.06326479814	0.09136727045
	0.06243799148	0.06953125871	0.09442300431	0.1104889679	0.04992540156
	0.08373910693	0.1006740807	0.07792209553	0.1302480542	0.2249665118
	0.2301632986	0.2505261604	0.2574369027	0.2684166233	0.2327860417
	0.2291132351	0.2931614665	0.1485865114	0.1717856664	0.1537693491
	0.1239572286	0.1473815797	0.1291954851	0.137549848	0.1635391224
	0.1365839068	0.1538819371	0.1560547199	0.2305166956	0.1836726899
	0.195458473	0.1914301672	0.2140640322	0.1976733935	0.2371048908
	0.2133391362	0.2182944534	0.2517503207	0.1390489599	0.2188785388
	0.1634745513	0.1984271405	0.1779405611	0.2593583142	0.2601359862
	0.2317776666	0.2390273809	0.2472127267	0.2465294277	0.2545705914
	0.07872186048	0.1099375726	0.1259402116	0.08434868652	0.1036434625
	6.937428178e-067	4.973889055e-005	1.805850362e-066	4.127041712e-005	0.0002633687699
	0.0003180024888	5.403650395e-065	0.01300102992	0.01521544478	0.01049149651
	0.0121473088	0.004250420211	0.0156667723	0.01466021791	3.285135994e-065
	0.002669865413	0.006687547977	0.06427517464	0.04088358848	0.04621992869
	0.05696229655	0.0172401652	0.02191361425	0.03397626811	0.009821535142
	0.02944952206	0.005451325583	0.01225231781	0.2578507512	0.2778616069
	0.3001646359	0.3019835735	0.2827125806	0.2813034037	0.2951011265
	0.2717139256	0.2637058296	0.544920276	0.5367849026	0.5476604005
	0.5386006722	0.5471973656	0.5426069689	0.528224954	0.5381690574
	0.5655727804	0.5528957037	0.5558810729	0.5628328806	0.4375936019
	0.5317800596	0.5168302562	0.5001442129	0.5178722055	0.4471546949
	0.4505950746	0.497038687	0.4821123935	0.4631284547	0.4655401212
	0.4813290672	0.4392252132	0.412740822	0.4250679283	0.4261094584
	0.4110330085	0.5291353699	0.3112151799	0.3080494561	0.2831240003
	0.2777702644	0.3066081976	0.2959008017	0.2827471544	0.3253428612
	0.3115547203	0.3569584988	0.3406707516	0.3314023183	0.3318595064
	0.3660716882	0.3334795703	0.3356499517	0.3148716904	0.3290757376
	0.3489319925	0.3650884821	0.4014573883	0.3671082571	0.3973523572
	0.3784159663	0.3730173964	0.3555336314	0.3412682562	0.3881814865
	0.333477717	0.3370748886	0.3535883752	0.3563592883	0.2991011609
	0.326583921	0.3129093073	0.4524484284	0.4173278036	0.4372391986
	0.4215040402	0.4577798342	0.4834612744	0.4741139458	0.504342755
	0.4802620943	0.4511939457	0.4413291021	0.4821032641	0.5097092406
	0.5129084116	0.5317198521	0.5591165556	0.4710926262	0.4308562996
	0.3880873748	0.4220537059	0.4614525402	0.4456310248	0.4085040896
	0.3962995801	0.4015331365	0.3955417677	0.3959420224	0.3993461729
	0.3948010265	0.3924462159	0.3961680294	0.3933472856	0.384569403
	0.3867624568	0.3789902501	0.3843064244	0.3925542378	0.3942733694
	0.3982089455	0.3735862341	0.3697858447	0.3861694378	0.3905386308
	0.413515535	0.4085638205	0.4264091531	0.4026111692	0.4060589903
	0.4288696499	0.4290969731	0.3753156346	0.3767084137	0.384200072
	0.3928764134	0.3883874648	0.3948254834	0.3748675334	0.3258745005
	0.3569947922	0.3134473647	0.3536920614	0.3316366035	0.3850700592
	0.4144499323	0.2869209336	0.3316662481	0.2655042337	0.2718079625
	0.3128193321	0.2940775497	0.2467401811	0.3110384195	0.3185286337
	0.2870454612	0.3607254463	0.3325429042	0.2988063218	0.3108250695
	0.3311369587	0.3524272547	0.3752315276	0.3571439066	0.4020268641
	0.3635957975	0.3526377939	0.3203221487	0.3429683867	0.366936913
	0.4123676638	0.4017392263	0.3764928998	0.4048007316	0.3841662307
	0.3924118707	0.5570703975	0.5374767158	0.5451274433	0.492121683
	0.4934609745	0.5164683498	0.5226304068	0.5536864386	0.5747966928
	0.5713087941	0.5724892339	0.5831129163	0.582042522	0.5182459827
	0.4478162265	0.4789059009	0.525397055	0.5316412714	0.5495547976
	0.5242557256	0.5507452393	0.4904839232	0.5122474626	0.5690302001
	0.5978769985	0.5868066478	0.562766941	0.5687621294	0.1309316332
	0.1540651378	0.1451804982	0.1287262319	0.1711079335	0.2026148161
	0.2298003601	0.2384697321	0.2234927708	0.1982884927	0.1875187311
	0.1727157434	0.1603134256	0.1509400185	0.1635695885	0.1367393734
	0.2669851866	0.2505089542	0.2705364672	0.2754250916	0.2590206394
	0.2836701965	0.2539526197	0.2848452103	0.2780533718	0.2453778732
	0.2779073867	0.29269804	0.2718935726	0.2971464556	0.3051605704
	0.3008858014	0.317400691	0.3162674618	0.3014920497	0.3153939003
	0.2875762153	0.3104438069	0.2975417542	0.2550836764	0.2483236889
	0.2817732776	0.2671479433	0.2868747442	0.2994025039	0.2787571424
	0.2630936479	0.2743865479	0.2319256292	0.1306617957	0.1740553705
	0.1624903514	0.2186778252	0.1455953402	0.1570245293	0.1906389209
	0.241654391	0.1177234855	0.1991322122	0.1234768992	0.1025356937
	0.1472532382	0.106286329	0.1370561641	0.1351557061	0.1448222057
	0.1616093119	0.1699566399	0.182831072	0.1869789997	0.3742881516
	0.163897449	0.1952376261	0.1692512924	0.1920965857	0.2757719793
	0.2940073342	0.3097051151	0.2593226869	0.392592403	0.3565541548
	0.3265525737	0.3458869076	0.1774198866	0.2062969897	0.1759285072
	0.2014157667	0.2087393038	0.2070868345	0.1750057744	0.2720153264
	0.2621420715	0.2393140079	0.2399827044	0.2246495244	0.1293310896
	0.1827085899	0.1626136178	0.1964266212	0.1473782523	0.2143396525
	0.2378174202	0.2085940775	0.2446361176	0.2276823953	0.233091531
	0.2443012696	0.2315260566	0.2453482871	0.2511926374	0.2301814443
	0.231647713	0.08920321615	0.07715005338	0.06295513872	0.06826480074
	0.05007133642	0.1433528004	0.1234330166	0.09745514036	0.1127893968
	5.258134787e-066	2.383546853e-066	0.001130200378	0.0007033769271	0.0007384050199
	1.278179908e-065	0.0005328369897	0.002343398124	0.00201690312	0.001336315837
	0.002459737149	0.005857662964	0.002521300898	0.005478791804	0.002172253229
	0.003625508059	0.00670282947	0.02360159503	0.03505867592	0.04693785603
	0.03623318194	0.02405915026	0.02112936866	0.0123936209	0.01601246614
	0.004728306279	0.002625707493	0.007274085425	0.005292204519	0.3537064817
	0.2936338344	0.2772254026	0.3275394182	0.3315880064	0.3120331046
	0.3105120006	0.2214537599	0.2294159581	0.2474452801	0.26105346
	0.2765199838	0.2928400914	0.5561418794	0.5621530881	0.565372753
	0.5515126469	0.554709108	0.5423297225	0.5449060155	0.5743853432
	0.5821310807	0.5799449272	0.5706505276	0.3956050143	0.40758671
	0.4530754422	0.4386073621	0.4669714334	0.4581052197	0.512795372
	0.4968140824	0.4727516302	0.4800391475	0.5090751562	0.5253374254
	0.4910710478	0.4302173488	0.4426416322	0.4160672599	0.4233515684
	0.402122329	0.3969340322	0.3961815266	0.3975671413	0.5376068157
	0.5511463118	0.5416450242	0.5203422025	0.3678091728	0.3874608109
	0.3879657267	0.3550001912	0.4045868782	0.3368005998	0.3710345311
	0.4225371838	0.4568502417	0.4238923731	0.4033926173	0.4222971442
	0.4434233549	0.4270658222	0.4008727096	0.4533430782	0.3868648352
	0.369614803	0.3751742817	0.3851192842	0.4062059845	0.4233672039
	0.4547186915	0.4804864026	0.4472938476	0.4281886324	0.4273098849
	0.3888390647	0.4214180006	0.3801306334	0.4339387805	0.4874352413
	0.5483668719	0.513996202	0.5196105697	0.5518640511	0.5813246969
	0.6115675502	0.5822632942	0.6417916214	0.5625550179	0.5143095802
	0.561825497	0.5046331048	0.6111260113	0.6095710681	0.6536169609
	0.551567373	0.4937741301	0.5368710666	0.4763538677	0.4874099504
	0.5178464357	0.4590155599	0.4562009574	0.3969697694	0.4130264624
	0.4087641258	0.4004399378	0.399254888	0.4044186538	0.4117638188
	0.4057996893	0.4191327079	0.3971348142	0.419924426	0.4026793672
	0.4146670646	0.4066234228	0.438527182	0.434114886	0.4385984467
	0.4585737042	0.4821407681	0.417366978	0.4516394975	0.4293501385
	0.4189598953	0.4186434661	0.4039334403	0.428729273	0.3894014014
	0.3868358324	0.419790976	0.4153258518	0.3916535406	0.3826806783
	0.3579645594	0.4262071349	0.4131838635	0.3756490991	0.3563384861
	0.4869558785	0.3845310758	0.4413584033	0.4167636905	0.5116881897
	0.3442864107	0.4072507306	0.3785292268	0.3914725349	0.3336658248
	0.3916543957	0.3538754999	0.4679129134	0.4263284893	0.4711263443
	0.526268918	0.4992297185	0.435207936	0.4794635262	0.4526679359
	0.4441716455	0.4169389141	0.4298739455	0.467003938	0.4776806181
	0.4802228046	0.4399760802	0.5455383401	0.5688508998	0.5829796124
	0.5776762504	0.5616258855	0.5514709848	0.5892884724	0.5815151641
	0.5869050181	0.5896057156	0.6004845682	0.5951592605	0.5987990983
	0.6003053111	0.590985501	0.5911910399	0.5558028346	0.5928308563
	0.607419608	0.5704260074	0.6127722524	0.6070917574	0.600224004
	0.6283705368	0.6357285279	0.6231974844	0.63920454	0.2497365772
	0.2242907285	0.2517909711	0.2224261072	0.2772970143	0.184308793
	0.2771045934	0.2577112443	0.2608513405	0.2119847023	0.236274066
	0.2420689811	0.2824415305	0.2748240677	0.2487063495	0.1974436708
	0.2908672655	0.2695665556	0.2387281821	0.2756330864	0.2105784266
	0.3028711237	0.2868541558	0.2962462112	0.2936603797	0.2206935526
	0.2620252222	0.262365705	0.2899071645	0.2839440204	0.3184192147
	0.3218032165	0.3063838131	0.3207191561	0.3048036549	0.3101928947
	0.3063117574	0.3250779143	0.3253301839	0.3130917886	0.3093585225
	0.3322970611	0.3399278443	0.3304588728	0.3285845045	0.3407007626
	0.3412490386	0.3268587577	0.3304013145	0.3100457217	0.3286362421
	0.3174644371	0.3063917478	0.3359544581	0.320648976	0.2972943204
	0.1834573925	0.1760578575	0.1658875083	0.188665868	0.2065229297
	0.2242018596	0.2150614233	0.2078841809	0.2291801309	0.2003196632
	0.2260604936	0.2188313328	0.2027779357	0.21628081	0.4772201805
	0.4019284908	0.4699820281	0.4271172932	0.4412970544	0.5051456769
	0.2662260539	0.2343428547	0.2534466451	0.228545019	0.3068121634
	0.2960404044	0.3302922984	0.3873306903	0.3347082637	0.3578853477
	0.3635439566	0.2697736185	0.2816312877	0.2634240627	0.2435598332
	0.3191192683	0.2996973841	0.3105334537	0.2862749034	0.2068830457
	0.2237555202	0.2056673654	0.1820557396	0.1520446391	0.174759143
	0.2231122166	0.2178312694	0.2225559775	0.2158545805	0.2097726298
	0.06880756044	0.08860721165	0.0838298573	0.1062222191	0.04225449302
	0.06009998294	0.05623772018	0.07333072793	0.1584640848	0.1357098867
	0.1086882517	0.1297901568	0.012849652	0.002069896889	0.007819711417
	0.007905132179	0.006349406837	0.0136295889	0.007931535528	0.04569189031
	0.03182534617	0.02682578103	0.03891321661	0.02266391634	0.03199865161
	0.02307755753	0.01108728539	0.0112079602	0.01544627738	0.01775146101
	0.009656791649	0.01691301721	0.01545690233	0.2054277449	0.2111663707
	0.2185157453	0.2061147674	0.2116039814	0.2122543323	0.3589466712
	0.3653756276	0.3334362716	0.3152048187	0.2266882972	0.2597809646
	0.2339811299	0.2571446503	0.248453778	0.2963066041	0.3381993443
	0.3305659674	0.2949470182	0.5559142154	0.5640691963	0.564509511
	0.573197628	0.5822423427	0.5822005301	0.5733518915	0.5901538734
	0.589698264	0.3966590314	0.4012120898	0.4078699704	0.4017786775
	0.5232088911	0.4008285822	0.4090988255	0.4126706174	0.4222468126
	0.4650240901	0.4825008284	0.4631854455	0.4507204952	0.4512544419
	0.4271018639	0.5021098712	0.5076410121	0.4376305071	0.4855052226
	0.3961193938	0.4030378295	0.3961449724	0.3962516859	0.5450711578
	0.5533220766	0.529388052	0.5386469106	0.4068947219	0.4274924881
	0.4160788559	0.422830428	0.4156476451	0.4779635884	0.4400989647
	0.4739544208	0.5223116261	0.5124857984	0.5429192327	0.560005387
	0.5900597789	0.5729725069	0.4990260408	0.507439518	0.5578191272
	0.5500762949	0.5640726257	0.5385924748	0.5034973089	0.4877420489
	0.5736662697	0.576947113	0.4652181068	0.4695514323	0.5381930057
	0.5419774456	0.4678812229	0.4775533117	0.6094028918	0.6135470236
	0.6405101162	0.6655718274	0.6845253953	0.6961674975	0.6702241897
	0.7164986343	0.6515620958	0.696665528	0.6105020564	0.5970542319
	0.6646353774	0.7080280214	0.6556069914	0.7295595553	0.6014399928
	0.5494155911	0.6269697932	0.5815248793	0.5264725911	0.5151130885
	0.5661034868	0.4890780352	0.4357257569	0.43002927	0.4343689804
	0.4269960005	0.4472450939	0.4238259749	0.4178315766	0.4421065854
	0.4369070387	0.4459284013	0.4566134246	0.4383422581	0.4522008209
	0.4656398041	0.4380640922	0.4614944554	0.4966216214	0.4807097352
	0.4579665121	0.4946817808	0.4933199548	0.4598631927	0.4693922106
	0.4995966283	0.4627841586	0.4373155619	0.4244579223	0.48185701
	0.4488701368	0.3929728558	0.3996450251	0.4299194664	0.5248795031
	0.5477906209	0.4539772392	0.5148677656	0.4429619469	0.5211654344
	0.619815562	0.58401558	0.5838296899	0.6312649026	0.4651228383
	0.5266714644	0.4477184444	0.5265719814	0.5077210468	0.4291263084
	0.5100028674	0.5874756238	0.5714300618	0.5794969712	0.6151316383
	0.5606940378	0.5153020092	0.5598889223	0.5605151778	0.5175337888
	0.5191821411	0.5657920223	0.6281021636	0.600418726	0.6270012009
	0.6010028249	0.6080656609	0.6109300143	0.6313771784	0.6311451304
	0.6295021522	0.5962102728	0.6236737095	0.597873295	0.6176477321
	0.6040094422	0.6077861866	0.646804625	0.6628591424	0.6500902328
	0.662554578	0.656484065	0.6498752205	0.6512484249	0.2932124473
	0.2918487345	0.306150537	0.2801489201	0.3152745622	0.3044523604
	0.3092642258	0.2908582673	0.2794049012	0.2947922428	0.3240658196
	0.3184440776	0.304007975	0.3104927487	0.2978669594	0.3210156244
	0.3094805248	0.2611176445	0.2494569207	0.2887735913	0.2823890519
	0.3035695413	0.335925057	0.3454365473	0.3454669015	0.3428865981
	0.3260140165	0.333849655	0.3352628553	0.3502307023	0.3530157311
	0.3565049255	0.3490404272	0.3562607963	0.3523004331	0.3315775499
	0.3453434331	0.3423436636	0.34830545	0.3343149367	0.2724593574
	0.274966513	0.2456942447	0.2408972568	0.2484866285	0.2736468006
	0.260378598	0.2317166248	0.2283561526	0.2431060351	0.238867072
	0.6200248558	0.5711844197	0.6292103886	0.5732027131	0.5342672866
	0.3805634335	0.4527165216	0.4311362146	0.4120618852	0.4106674718
	0.4973061519	0.4955543012	0.5347160846	0.4739719361	0.3123410845
	0.3284018338	0.3284578502	0.3162949731	0.3040459015	0.3841409311
	0.3536035141	0.3813641597	0.369029792	0.3437036025	0.3370997597
	0.3625066419	0.3224089763	0.3380580721	0.3291925624	0.3502122261
	0.3574857635	0.2017655082	0.1856640675	0.1611020211	0.1838574256
	0.1970740239	0.2042244471	0.2088893034	0.1925017361	0.1927548045
	0.1986705266	0.1986674302	0.05091320596	0.09035828643	0.09343781651
	0.1136424763	0.07426758532	0.06099412247	0.07700783562	0.06385197947
	0.1132555264	0.136916491	0.1639651626	0.1390993605	0.01914012089
	0.04253243083	0.02527656803	0.03270734399	0.0468403342	0.0522289692
	0.0298235108	0.03606261335	0.03351071555	0.02479276372	0.02617745433
	0.02364759292	0.03068387243	0.03206184431	0.2402300267	0.1995426794
	0.2189225515	0.2338894175	0.1917943454	0.2056898007	0.2131161699
	0.19891474	0.3771407937	0.3851681509	0.4216343341	0.4233753972
	0.4134759314	0.2711505832	0.3531266472	0.2928448254	0.3959590854
	0.3148482689	0.3287853721	0.2819675546	0.3678873423	0.3025439646
	0.2639319466	0.5465867474	0.6155689644	0.5488112266	0.5711280915
	0.5616065101	0.580488458	0.559840198	0.5865254326	0.5698563283
	0.592388434	0.5785935174	0.5751024483	0.6020283546	0.3952759604
	0.4001702842	0.4061331186	0.3984877074	0.4038350624	0.4889467637
	0.5124594862	0.5211832435	0.4980594483	0.3939809793	0.4737546041
	0.4462890252	0.420965185	0.4063381757	0.4398891195	0.4038285194
	0.4166166274	0.3949459466	0.4661016889	0.3959034782	0.5301102469
	0.5095757469	0.5062097949	0.5315619845	0.4227908087	0.4117968304
	0.4262184593	0.4270137754	0.4146372655	0.4412120638	0.441270028
	0.4568110991	0.4541181106	0.471199823	0.4342882205	0.4430798314
	0.6066289515	0.678837839	0.6388410993	0.6248509373	0.6792841629
	0.7285953799	0.6685167724	0.7195979636	0.70949096	0.7807909768
	0.6402552115	0.6288055541	0.7014176321	0.6970399756	0.690883759
	0.7031401193	0.6136875424	0.6686659346	0.7199097637	0.6721997244
	0.6468609154	0.696200725	0.7418727324	0.7751354476	0.7548776787
	0.7196712014	0.7417748694	0.7606068492	0.7952280566	0.7174351308
	0.7908513911	0.7427175747	0.7708233923	0.6953134023	0.6632619887
	0.6190620162	0.5781430999	0.7387646895	0.5350314948	0.5639873897
	0.6198960585	0.5181357972	0.4614106062	0.4673923082	0.4870721193
	0.4795190184	0.4674304529	0.4862827547	0.4549577366	0.4933672314
	0.479189579	0.4898716524	0.515989241	0.5049386901	0.4972077899
	0.5419114547	0.651224705	0.7187893236	0.6871388901	0.8129004252
	0.5283132617	0.5214508071	0.5542129532	0.5511509179	0.5360011709
	0.5460894871	0.513124233	0.4941910803	0.5170081111	0.4741071051
	0.4569788755	0.4577412171	0.4659648424	0.4876110362	0.4971056885
	0.4871468284	0.5753009675	0.5900345632	0.597613032	0.5726618534
	0.6059753328	0.6131796609	0.6295618284	0.6036996633	0.6702029451
	0.6354990613	0.5855068644	0.631582753	0.6643852968	0.6220696137
	0.5832111128	0.6680237261	0.6754406927	0.635339929	0.5852168996
	0.6611972343	0.6660712034	0.6504135923	0.650107502	0.629238003
	0.6264959184	0.5990395594	0.6383150041	0.6485441685	0.6581004728
	0.6648307286	0.6306402295	0.6257561205	0.6619447136	0.6438235086
	0.6484767938	0.6601548206	0.6775571057	0.6435099106	0.6359203004
	0.6536193746	0.6763849827	0.6716515076	0.6718010758	0.3298783565
	0.318328571	0.3354429751	0.325873249	0.3225770364	0.3162975507
	0.3210165954	0.3129879332	0.3400902177	0.3352170671	0.3257679657
	0.3239768023	0.337349373	0.3043527013	0.3313642443	0.3132318556
	0.3596472524	0.3532980439	0.3511335933	0.3603141851	0.3592123232
	0.3601951197	0.3502164602	0.3641487119	0.3635361056	0.3614275902
	0.3534981058	0.320918306	0.2836989031	0.3177476264	0.3026145768
	0.2967281368	0.2533521497	0.2899673749	0.274389837	0.2698933415
	0.2481198334	0.258347828	0.2571121504	0.6868790477	0.6292371093
	0.6734505481	0.7392346262	0.5308168974	0.6149479611	0.5719537892
	0.5476215619	0.5691060216	0.4097319318	0.5074353652	0.4139040976
	0.450922558	0.4354720014	0.4313854511	0.4233053577	0.4709864193
	0.4532009742	0.4913800367	0.4713847146	0.4896710224	0.3499123974
	0.3474670727	0.36167511	0.3597945255	0.3377892805	0.3555288992
	0.3447124686	0.3467824144	0.4071483939	0.4194821441	0.4068478345
	0.3962669937	0.3794160787	0.3974841109	0.3858218294	0.3840533005
	0.3748155362	0.370682754	0.3908531519	0.7238212405	0.7886604272
	0.7658116764	0.8307986118	0.8160521951	0.1889886189	0.1820812495
	0.1661266147	0.1805628161	0.162061951	0.1779037658	0.1780517607
	0.1876692088	0.1851382125	0.18855436	0.1122766958	0.06289575462
	0.09233065146	0.09190880329	0.07635362011	0.1152378068	0.05495861305
	0.1369905087	0.1495868266	0.07567172716	0.05818884723	0.06522305006
	0.04724010605	0.04605940377	0.05353745128	0.04149275464	0.04102267951
	0.05110705356	0.0542660526	0.04268649361	0.05034538195	0.2083228141
	0.22873121	0.264749593	0.2340255896	0.2944562077	0.2565043608
	0.2068068026	0.4398461405	0.4754333241	0.4573752007	0.492170246
	0.4261877833	0.3799224864	0.4578922711	0.4218003342	0.3850448707
	0.35167677	0.3048771313	0.3373400448	0.5447453046	0.5173540824
	0.5098579736	0.5327702849	0.6102895424	0.5808134982	0.6109265674
	0.5868830923	0.5592484443	0.5353672046	0.5565326965	0.5299554107
	0.53677793	0.5538633129	0.561692536	0.541003037	0.3933014334
	0.4010790845	0.396274022	0.3922940461	0.4083870638	0.3977109879
	0.417220387	0.4278980544	0.4278963482	0.4063016515	0.4151046322
	0.3892659491	0.4929791683	0.4521077129	0.4636820336	0.390422727
	0.4545589652	0.4538350771	0.4838897629	0.4052375651	0.4062228715
	0.4260756807	0.4816637738	0.3936610468	0.4257637365	0.4859879432
	0.4402486517	0.4628672609	0.456755039	0.4500045252	0.5075487029
	0.4741417955	0.5066610239	0.4903938864	0.5208476402	0.5031068737
	0.5310616634	0.4815870622	0.4743618846	0.4697364634	0.443646047
	0.4601965983	0.4843071161	0.4513486035	0.4589501804	0.4269505651
	0.4329922242	0.4210636151	0.4138473936	0.7745012316	0.8539616854
	0.7486197484	0.7688917943	0.8057487061	0.8028805181	0.7958379128
	0.7604520706	0.755461422	0.8350445156	0.8387307247	0.8607627164
	0.8031073655	0.8096393859	0.7600650501	0.8232179897	0.7867677441
	0.8328509432	0.8079019932	0.7956603277	0.7656115707	0.8215815166
	0.8067594682	0.8244889785	0.8261900057	0.8533009142	0.8517332562
	0.8187537517	0.8503911697	0.8447055265	0.8580892977	0.7446765621
	0.7055785591	0.7811402793	0.7690067007	0.8446845666	0.8600982281
	0.8367653089	0.8731487264	0.589819552	0.531608812	0.6011877317
	0.5206182082	0.5826338006	0.5553407782	0.562622672	0.6261028131
	0.5070193491	0.5326263717	0.5689522502	0.7565014106	0.8049963684
	0.7818292492	0.7927305434	0.7288449589	0.6624428641	0.7026889152
	0.7666798143	0.7361384288	0.6372932335	0.6962181095	0.8788972984
	0.8562012518	0.8704620437	0.8942098958	0.8956880455	0.5054962371
	0.5755680308	0.5976832484	0.565609105	0.5946013084	0.5838989721
	0.5353639953	0.5746025606	0.5541467465	0.51942432	0.532029772
	0.5425187306	0.5152554453	0.5210927071	0.5431304921	0.5613444266
	0.6333485371	0.6138269683	0.6286644947	0.6171472309	0.6428493556
	0.6471116417	0.6565580611	0.6599278791	0.6527737001	0.6776336335
	0.6809890859	0.6742079409	0.6803979516	0.6820640574	0.6802071413
	0.6695096851	0.6757395239	0.6641313944	0.6782340415	0.6808328921
	0.6734077862	0.670987805	0.6676537249	0.6303265949	0.546130037
	0.5768760503	0.6080241069	0.6024801908	0.5805758217	0.6221606276
	0.4943316517	0.6802526636	0.6481687196	0.6679509321	0.6698871998
	0.6771682725	0.6649560885	0.6595446899	0.6538256533	0.674356168
	0.673213906	0.6426032877	0.4584159177	0.3563334041	0.3318936644
	0.3393794271	0.3347613221	0.3279836488	0.3321024589	0.3340719118
	0.3422159424	0.351005963	0.3345909994	0.3276383874	0.3443657795
	0.3458511173	0.3535272883	0.357440782	0.3415055584	0.3619806874
	0.3651639547	0.3648531735	0.3658505505	0.3642083351	0.3608852301
	0.364152324	0.3479324927	0.3376433879	0.3190876655	0.3359282168
	0.2657527078	0.2927478082	0.2902566045	0.3218395514	0.3032852049
	0.3057951592	0.2767252888	0.2630115102	0.2770975647	0.2697278859
	0.3397559375	0.6100973562	0.6549969473	0.6244561523	0.6575951356
	0.7003483145	0.5453565152	0.5777422996	0.5230436583	0.5639145281
	0.5431768366	0.5039030877	0.526033042	0.4313838898	0.4327480616
	0.4175954078	0.4424746399	0.5063362969	0.4866378378	0.4548000743
	0.4895898175	0.4737899166	0.4429106193	0.4704110396	0.4599157033
	0.3661567936	0.3460002526	0.3555431471	0.3533054768	0.3442050247
	0.3646974079	0.3772472069	0.4064593779	0.3971287446	0.4091568414
	0.419828076	0.3887843675	0.3740445405	0.3870108796	0.398561544
	0.8796608869	0.8872658106	0.749524891	0.6952292767	0.7920196666
	0.7413933406	0.8402358342	0.8486545937	0.7988299821	0.8840781516
	0.1250687024	0.1661438232	0.1600281543	0.1569072357	0.1534212951
	0.1561769808	0.1620116817	0.171640043	0.1933520405	0.1863660188
	0.1692434821	0.1740006473	0.162881711	0.1741860233	0.1512990255
	0.2232839594	0.2401896442	0.2787830343	0.2111090517	0.2440949612
	0.2592970794	0.1242435838	0.07808294656	0.08752127766	0.1165131832
	0.09798671267	0.06564920606	0.08444063101	0.08500659316	0.06795187272
	0.06355011605	0.07627782894	0.07604755397	0.08454075459	0.07818293118
	0.07937791831	0.06184423894	0.067517164	0.1023394108	0.08815649538
	0.08343420652	0.08416089407	0.08385801829	0.07926702406	0.08356458783
	0.08081682787	0.2943140725	0.3055368928	0.3178366411	0.3408173739
	0.3339202634	0.324569221	0.2894100793	0.2730468165	0.4996767162
	0.4605421744	0.4891937084	0.5174161041	0.4729828976	0.3979673451
	0.4296788302	0.4588843505	0.429913061	0.3711803659	0.3647172808
	0.4204248149	0.5241651752	0.5052010984	0.4723720842	0.4701103179
	0.5002312497	0.4767904578	0.4934151316	0.4803746965	0.4949617139
	0.5433201243	0.5174691277	0.5103147798	0.5138642256	0.5301306343
	0.48310542	0.3860366693	0.3857916111	0.3944747482	0.3891863174
	0.3915939946	0.4083369385	0.4030118197	0.4422886996	0.4111105032
	0.4016982996	0.3900253351	0.4167895639	0.4332040591	0.3865897769
	0.4410346711	0.3820317046	0.4262249302	0.4443719005	0.4405668905
	0.4066522572	0.4165526227	0.3974922965	0.3941954939	0.499587511
	0.5243017749	0.5114123073	0.4886446788	0.5462358213	0.5945061828
	0.5892031147	0.5565309406	0.5829981995	0.5488443991	0.5762892798
	0.5346346836	0.5105091812	0.4950502301	0.536206708	0.5398429353
	0.4791101155	0.4846988215	0.5103601147	0.5232468553	0.5162457467
	0.4632393508	0.4392689672	0.4264232612	0.4502149508	0.5238663041
	0.4756515011	0.5099384506	0.4896547925	0.4048620726	0.4142969968
	0.4229467862	0.4361976029	0.8774929651	0.8659828675	0.8550290527
	0.9028111016	0.8850017944	0.8976073879	0.8840704857	0.8396966647
	0.8638941662	0.8834365923	0.8486049161	0.8758841138	0.8934547903
	0.8745465315	0.8955272156	0.899883868	0.8980924126	0.8685129419
	0.8938429558	0.8842111826	0.897004605	0.8780232037	0.8745702666
	0.9154314048	0.9083715661	0.8874874351	0.9038146166	0.9146288604
	0.8983727148	0.8514654279	0.8477766735	0.8160360196	0.826578383
	0.8917560727	0.8713400046	0.8742266442	0.6280378693	0.6728915474
	0.6647532487	0.6223621935	0.6764281066	0.615261226	0.6748895493
	0.6062941439	0.8276820923	0.8366737501	0.7736937526	0.8023607313
	0.7995454808	0.7320891981	0.7829801817	0.7402407037	0.9139966704
	0.9305437373	0.9180724262	0.9187856168	0.9406913424	0.9422088089
	0.933143957	0.9329432018	0.9155217126	0.538965533	0.539846367
	0.5554505826	0.5520734986	0.5769979353	0.5996204514	0.6085134576
	0.6106559243	0.5899013329	0.6007668032	0.6231676166	0.5683207982
	0.5883525437	0.5631703148	0.6229248592	0.64528545	0.6375405595
	0.6353830559	0.6723771207	0.6533656528	0.6681642316	0.645396595
	0.6605996565	0.6620395311	0.6667702414	0.6555285649	0.677113372
	0.6811663364	0.6759073827	0.6795907088	0.6765567596	0.6723680158
	0.6739099534	0.6460335866	0.4332554037	0.6270125807	0.635316464
	0.6478301763	0.6171237984	0.5145833912	0.5488409484	0.549893333
	0.5732350657	0.5961344829	0.5746899284	0.6068930422	0.5149484161
	0.4846074669	0.4445614229	0.4781171726	0.6533232278	0.668145756
	0.6587559863	0.6690258238	0.6644306832	0.6407734608	0.6586484067
	0.6324417091	0.3768417153	0.3933268437	0.366276789	0.4020543918
	0.3727319187	0.3489304101	0.3473298264	0.3533289151	0.3609841682
	0.355836315	0.3361510274	0.3375517975	0.3388455037	0.336198028
	0.3391177992	0.3451423877	0.3394398679	0.3575313429	0.3570628062
	0.3553948548	0.3619727574	0.3527207285	0.3478397428	0.3631366053
	0.2664370054	0.3078061842	0.3433945169	0.3253046878	0.3160393527
	0.2882601335	0.2791836844	0.280222218	0.337766283	0.2997715721
	0.2695630756	0.3374491391	0.3408141759	0.337159117	0.3424026543
	0.8912061779	0.9273235027	0.9051084944	0.9106170151	0.591000442
	0.5815225618	0.5572271623	0.6198578353	0.7024148294	0.6465638877
	0.6491510589	0.6086682747	0.5265138024	0.5207463189	0.5072049342
	0.5483734123	0.5008609756	0.432688997	0.4198801457	0.4465270852
	0.4322398882	0.4752072845	0.4894831497	0.4789489639	0.4711925529
	0.4618377416	0.4592358358	0.4448061467	0.3711863451	0.3595849893
	0.3519697773	0.3601926835	0.3950070114	0.4081410172	0.4184087656
	0.3963376622	0.3830831641	0.3833231466	0.369714624	0.6981420801
	0.8153346572	0.8637042495	0.8064151167	0.8555143349	0.765615273
	0.7136122023	0.7097036251	0.7555729856	0.883675009	0.8700361028
	0.8452831985	0.822521367	0.8584006125	0.7972961766	0.1503503977
	0.1451814976	0.1433019376	0.1436799342	0.1413236487	0.1433794388
	0.1668930991	0.1615055741	0.1505347668	0.1454110598	0.159862238
	0.1544236916	0.1470108277	0.1528347319	0.1781709341	0.202845723
	0.239606752	0.2676061076	0.2368011652	0.2048723833	0.179397767
	0.1774150839	0.1653908573	0.1514905863	0.1822811835	0.2917014536
	0.3262542147	0.2829023593	0.3220356225	0.2995091562	0.3107533132
	0.3327156328	0.270360487	0.1250835781	0.1210366644	0.1357279876
	0.1358141918	0.1179382323	0.140258394	0.103757824	0.1306361415
	0.1322197103	0.1282713845	0.1301049781	0.1239582481	0.07751418547
	0.1141746985	0.110348747	0.09355790582	0.1068756623	0.09941862968
	0.1117831869	0.1094860226	0.08790065192	0.118008785	0.09689669141
	0.09096528416	0.08433127257	0.08001920493	0.08375194497	0.09128962875
	0.07562470814	0.07586107091	0.07525253645	0.3599412508	0.3625372288
	0.3910221016	0.368485739	0.4229986474	0.4006508583	0.4137886166
	0.3763376185	0.4535455001	0.5076097093	0.4951315709	0.472644497
	0.5110593556	0.4995438386	0.5239976411	0.4822619583	0.4901882924
	0.4780871063	0.4628490131	0.536071059	0.5236375067	0.5346665555
	0.551885077	0.5495327208	0.4061050046	0.4457666814	0.4120213692
	0.4170534848	0.4436430784	0.4060269619	0.4481455234	0.3785093498
	0.3871613279	0.3821737778	0.3811681528	0.3875124061	0.3790514884
	0.3968122196	0.3656478306	0.3735579816	0.3794383383	0.3818454955
	0.3563980831	0.3652099954	0.3516075728	0.3583442785	0.4123351297
	0.3966626375	0.3824750406	0.3958252277	0.5518125376	0.562460746
	0.5667852209	0.6154143187	0.5907272295	0.6853080639	0.6817296122
	0.6261318792	0.6326605018	0.6189940028	0.6442448169	0.6783458538
	0.6195138489	0.6227260234	0.5805588663	0.5924620975	0.5571773335
	0.6063666607	0.5702178545	0.5434956545	0.5451318902	0.5596200797
	0.5843323911	0.5885943992	0.4140322339	0.4616790825	0.5305591568
	0.4949659435	0.5693495755	0.4366214123	0.4612468748	0.477224191
	0.4467901425	0.5118673021	0.4323201214	0.9141670324	0.9189638265
	0.9157342832	0.9317913072	0.9304927675	0.9098431077	0.9306848924
	0.9093359396	0.9288357978	0.908621251	0.9165095936	0.9226224677
	0.9357908384	0.9373547128	0.9160251919	0.9232456163	0.9333940019
	0.936678011	0.9548932912	0.9459798507	0.9488202622	0.9606985172
	0.9199094313	0.9427903661	0.9361144176	0.9293081314	0.9079504066
	0.910984772	0.8602452415	0.8912158254	0.926102593	0.86726663
	0.8891799019	0.7330709085	0.7839507975	0.728780573	0.7744587473
	0.7745994347	0.7878156702	0.7257154383	0.7216098105	0.8846065382
	0.8316041841	0.8553219479	0.8684843158	0.8381253493	0.8512119986
	0.8225010035	0.7779126969	0.9203314985	0.9560228482	0.9623928164
	0.9460108554	0.948365791	0.9596168242	0.9419335241	0.9390715042
	0.955410345	0.9688144781	0.9772096674	0.9620782089	0.9694248685
	0.6357792721	0.5611431148	0.5666340681	0.6076467133	0.6230845312
	0.588168922	0.635465799	0.5854674349	0.606063413	0.618361575
	0.6574640812	0.6558058529	0.6444891239	0.6534455022	0.665721673
	0.6506250893	0.6606813425	0.6557297257	0.6544104387	0.6661916079
	0.6666374465	0.6167244836	0.6331104038	0.6242357657	0.6392110741
	0.4503810704	0.3799626867	0.4119425794	0.4155628098	0.3931132255
	0.5576034561	0.6171854045	0.5508718599	0.5220036975	0.6135326693
	0.5926439808	0.586106844	0.5287147555	0.4958354613	0.4690330172
	0.4553727526	0.4914625209	0.628790089	0.6455348612	0.6298580021
	0.641941665	0.6091829458	0.5878619631	0.6105693959	0.590196219
	0.3451642021	0.3400632622	0.3481287291	0.350151103	0.3400352448
	0.3387834233	0.346980655	0.3635015084	0.354295154	0.3493867153
	0.3386952802	0.3435635755	0.3364201775	0.3418640706	0.3348600432
	0.3340988161	0.3389582991	0.3490541712	0.3492413191	0.3374778779
	0.2757629972	0.2547060925	0.2668322167	0.2644755604	0.3449885984
	0.3366849667	0.3229363707	0.3287045758	0.3099294049	0.2991727341
	0.2846874203	0.3044113262	0.2944226584	0.3134029305	0.3310943889
	0.3277747299	0.3220433004	0.3317245743	0.8959013544	0.8974078996
	0.8621053203	0.9160315862	0.5399165135	0.653720249	0.5704307936
	0.6425632114	0.5711498196	0.5518806674	0.6051869616	0.6053651982
	0.4880540775	0.5121598603	0.4943447324	0.522424405	0.4037422817
	0.470240541	0.4404521259	0.4364329103	0.4658682582	0.428844232
	0.4094514798	0.4247414668	0.4540653658	0.4599945766	0.4407631518
	0.4458795385	0.3565781129	0.3516571751	0.3436137406	0.3817669317
	0.3684640042	0.3631131972	0.3854370259	0.6207425992	0.6669236858
	0.614232029	0.6640909952	0.7204192771	0.7153035491	0.7502698078
	0.7730585605	0.622361386	0.6298320091	0.6642338537	0.6691193322
	0.8620955084	0.690754451	0.8232637007	0.7648375001	0.7720666684
	0.8189183582	0.7705753748	0.8257155946	0.8256143744	0.7676447727
	0.7181667825	0.6688588922	0.7251658425	0.153767496	0.1364456887
	0.1615052238	0.1371335707	0.2027234051	0.1890128106	0.2218377744
	0.201095195	0.2172216736	0.2369925624	0.222233186	0.2549548896
	0.1821352642	0.227259193	0.2422219051	0.2326389142	0.2099851397
	0.266816459	0.2032380928	0.2818177696	0.258375182	0.2603815982
	0.3912852707	0.3893640255	0.3059402775	0.3455657209	0.3637084631
	0.3660702346	0.3423497665	0.3209576625	0.1703872836	0.1234436095
	0.1177607704	0.1184766322	0.1298969992	0.1783197486	0.1339786662
	0.1628197474	0.1387022319	0.1146772514	0.1091958182	0.105000791
	0.1098864302	0.119011417	0.08475724185	0.08515837411	0.08326421597
	0.09257548077	0.09504383112	0.0935047385	0.0911843553	0.09271834418
	0.09929789762	0.09979827757	0.1010268859	0.1050994827	0.1004821099
	0.08864424254	0.1024272311	0.0960480535	0.1088085787	0.09942786597
	0.0889573683	0.4176213723	0.4441165438	0.4310044179	0.453134108
	0.4687752783	0.4144956648	0.440073517	0.4718796102	0.4871327066
	0.5108563125	0.4991228735	0.4980466145	0.4866176519	0.5096760453
	0.5224684788	0.5310757756	0.5178822523	0.5260067197	0.5424432163
	0.5525152698	0.576297643	0.5485876081	0.5357000916	0.3524502889
	0.3783401108	0.3725916485	0.3821894104	0.3666885116	0.3746447002
	0.3722364416	0.3668437223	0.3577455265	0.3619390372	0.3578577799
	0.3401485131	0.3532594022	0.3510827591	0.3446048183	0.3469123901
	0.4174988312	0.3829722045	0.4120670604	0.3974183444	0.3987145123
	0.6175861894	0.671271056	0.6298773267	0.613469015	0.6669544091
	0.6683306086	0.7266627289	0.7355062723	0.6717340397	0.7028471615
	0.75950041	0.7820590725	0.6584544798	0.674608189	0.6418135841
	0.7159829098	0.6999596678	0.6835660866	0.7295406423	0.6086671308
	0.5829466716	0.5501627588	0.6497496492	0.4409292565	0.5246601164
	0.4663261909	0.464957713	0.4350669689	0.4932312048	0.4922745503
	0.6241055118	0.6656894572	0.9474162713	0.9625363876	0.9493029953
	0.9515986902	0.949813175	0.9639290148	0.9622523801	0.9662506523
	0.9544070396	0.9650283141	0.9493142147	0.9729677351	0.9824218119
	0.9859758194	0.9752911047	0.9420284595	0.9595512981	0.9460008029
	0.9291760553	0.9127353182	0.9002033932	0.9322188973	0.9184628099
	0.8213894457	0.8292182827	0.8165570765	0.8496425824	0.8399087511
	0.896032608	0.8640372896	0.884451993	0.8753073768	0.8613128751
	0.905077052	0.8537796752	0.8244631204	0.8442772634	0.8034138793
	0.8725173129	0.9387891198	0.934396042	0.9513353969	0.9162872387
	0.9550303909	0.9929907094	0.9743472667	0.9827971486	0.982978231
	0.971429069	0.9662733235	0.9694491296	0.9784770699	0.9953653499
	0.9889335249	0.990525535	0.5712656684	0.5981032064	0.6082854403
	0.5857030758	0.640831269	0.6251887105	0.6289499347	0.6372239773
	0.6429354243	0.6181201522	0.6218962194	0.556294705	0.6133427539
	0.6064169172	0.5912073124	0.419715118	0.3961805465	0.3731630388
	0.4325725767	0.3751373038	0.395630272	0.3569136158	0.3542642212
	0.5669923217	0.539306681	0.533490343	0.5643827628	0.5005240082
	0.4399715781	0.4081676783	0.4733914521	0.5064937977	0.4461899744
	0.4676299863	0.587555309	0.6114432968	0.5915535395	0.6047815855
	0.5419859657	0.5693820395	0.5448658152	0.5658041224	0.3363263578
	0.328797969	0.3337503723	0.329208681	0.3216953762	0.3308653381
	0.3254419982	0.3316364427	0.3399626619	0.3159238806	0.3169154353
	0.3113863559	0.3080211866	0.3315268468	0.3363788316	0.3189104541
	0.3197285926	0.2568406512	0.2436472663	0.2241219464	0.2386598691
	0.3042166501	0.3137797421	0.3170787856	0.3269229734	0.2726088757
	0.2880212751	0.2627104988	0.2559646891	0.2901962805	0.2773624175
	0.3003836209	0.2852786352	0.2944841018	0.3100103172	0.3060434481
	0.9196332629	0.8608965762	0.8959846209	0.8611110432	0.8891109053
	0.5505493505	0.5027825742	0.5160668255	0.5330202154	0.5745260931
	0.5692071362	0.5321641043	0.5407879274	0.4520529542	0.4854969513
	0.4744429525	0.4483775746	0.3640490728	0.3682504553	0.3776536188
	0.4020232503	0.3887148285	0.3978082523	0.3910486102	0.4210088616
	0.4243826005	0.4260886569	0.3997509949	0.4176820649	0.3465576947
	0.3442508868	0.32305908	0.3231260103	0.5792417709	0.585397497
	0.5512071402	0.5436648607	0.6364579594	0.6032736662	0.657637941
	0.5911307146	0.5719903308	0.555274405	0.6234471153	0.5805022341
	0.5682322777	0.8241378837	0.7634368904	0.7701288848	0.8242128575
	0.7093127456	0.7130230819	0.6515881248	0.6503710709	0.6122562781
	0.7094714589	0.714961015	0.5695013834	0.6028321622	0.6598747763
	0.9119833616	0.9039253426	0.8860844925	0.2744363489	0.2232755127
	0.2610395964	0.2137063359	0.2564642665	0.281919366	0.2349520438
	0.3189409457	0.299686604	0.318165631	0.2920671757	0.2926992249
	0.3313807896	0.2908615342	0.4334094251	0.4090496246	0.405126017
	0.3881617828	0.4204051336	0.3662004093	0.3856839739	0.3532789873
	0.3708961368	0.2325083896	0.2133240681	0.2660895698	0.2692065204
	0.1292149318	0.1801119665	0.1579871987	0.1415892104	0.1948394241
	0.2438007162	0.2470373276	0.2191194262	0.1978284043	0.2347359498
	0.2572678563	0.2492875483	0.1774854122	0.1402914654	0.1929916483
	0.1571212356	0.1592357638	0.1420299828	0.1164825895	0.1255005794
	0.1130315997	0.12982877	0.1178679635	0.1089773905	0.1341139775
	0.1221966406	0.1055452834	0.1318412803	0.1579571016	0.144152854
	0.108064744	0.1189716332	0.1445833073	0.13155423	0.1574901711
	0.1329961897	0.1435297959	0.4715711547	0.4563130186	0.4575219441
	0.442299519	0.4683357375	0.4938970419	0.4831457958	0.4869746565
	0.4966723775	0.512226047	0.5043440362	0.4767378065	0.5022222251
	0.5089296174	0.530684372	0.5180998265	0.5248932236	0.5201420016
	0.5350893088	0.5422704209	0.3356511818	0.3628975518	0.3711723438
	0.3620319035	0.3792102854	0.3831727	0.3747713938	0.3671988295
	0.3750819668	0.3654275661	0.3551621579	0.344335506	0.361228694
	0.3410249384	0.3524470731	0.4208920771	0.4371783017	0.4585748709
	0.4290693211	0.3998694126	0.3959018494	0.413967365	0.7390190886
	0.7225707748	0.6894693306	0.7064588111	0.7603643156	0.744518971
	0.716167994	0.780732142	0.823732262	0.8084900144	0.7682514658
	0.7954922125	0.7546096433	0.7764595386	0.4680530713	0.7687794352
	0.5321410821	0.4995930777	0.5234961559	0.5662840948	0.5568670438
	0.4906930348	0.5994787149	0.7407170705	0.6412028018	0.7665200736
	0.6583603122	0.6925237711	0.70805221	0.6080248422	0.9750825363
	0.9865727932	0.9857555884	0.9758023306	0.9736928314	0.9835034251
	0.9629283052	0.9736671816	0.9945399505	0.998221707	0.9986904835
	0.993992546	0.9367539925	0.9489819336	0.9374422863	0.9233393213
	0.9613128765	0.9501148203	0.9158947323	0.8795682489	0.8915511988
	0.906951622	0.8944300627	0.9200143028	0.9062117447	0.9288172539
	0.9608990662	0.8833232332	0.8484943196	0.885934952	0.8623254143
	0.9052887673	0.9021424699	0.9172064452	0.9408657246	0.9347696269
	0.9566809681	0.9489780566	  1	0.9746998884	0.9631026026
	0.9704762144	0.9803040279	0.9910802066	0.998502132	0.9962349534
	0.9985608301	0.9843618402	0.9880550989	0.9944541722	0.5139512918
	0.5027397438	0.5448664572	0.5676287635	0.5453828825	0.5966555115
	0.520322242	0.5801847071	0.5222063097	0.5575304587	0.5836818912
	0.366988659	0.3416015405	0.3722481104	0.3471159253	0.3241058108
	0.3087473716	0.4016110867	0.4738145623	0.5159426887	0.4772376653
	0.5126176181	0.4374009029	0.4341569624	0.3978336913	0.5389700259
	0.518408088	0.5616226306	0.5413587835	0.4812950262	0.5193322653
	0.4958520622	0.3174519534	0.3313077527	0.3174034752	0.3271088975
	0.2938132337	0.3091021747	0.3061080586	0.3016930832	0.3248218035
	0.2973396795	0.2944053117	0.2851653622	0.2946982799	0.281599857
	0.2779603148	0.2946364826	0.2707306013	0.2807823597	0.3043944203
	0.3012649166	0.2405891108	0.2349393925	0.2137409036	0.2187726215
	0.1847738505	0.1964213728	0.2043273792	0.268452125	0.219635386
	0.2795750013	0.2479801882	0.2459788283	0.2642502993	0.2275708676
	0.2582017574	0.2457988407	0.2238319247	0.2335396585	0.763223801
	0.8792077078	0.8589244966	0.8231067361	0.8518433301	0.7986183537
	0.8274354048	0.7580168625	0.5153616263	0.4975519083	0.5100226118
	0.4614683318	0.4691132653	0.4737023425	0.5035386682	0.4828651603
	0.4328607226	0.3996401304	0.3996684912	0.4280934657	0.3236893791
	0.3563679688	0.3249334985	0.3493458875	0.3648615417	0.3688451087
	0.3362145145	0.3307503459	0.3716469463	0.3394100717	0.3741101264
	0.3448511055	0.2671545937	0.2662814634	0.2995034623	0.2981532684
	0.5354041386	0.4575928198	0.4921151937	0.486461703	0.5208147093
	0.5050005966	0.5039746064	0.5386471818	0.5506356544	0.5254975325
	0.5254035188	0.4898987477	0.4846715273	0.5244885194	0.5566357762
	0.4827271272	0.4965929611	0.7023093597	0.6982716304	0.6203099416
	0.6450392077	0.5893905783	0.5275774883	0.5665063446	0.9409400988
	0.9250407876	0.9267698512	0.9096362856	0.8043000427	0.8638945481
	0.9063116162	0.8764464904	0.8905977048	0.8356330056	0.8493260573
	0.8125898426	0.3227747793	0.3475536268	0.3578671579	0.3008426817
	0.3313652659	0.3050385222	0.3403353087	0.4270544018	0.4202464407
	0.4410191445	0.4134925553	0.3992681622	0.4079485762	0.3608787962
	0.3858318947	0.3931109063	0.3805762624	0.3720589545	0.3255220774
	0.2916782235	0.3188874067	0.2963728489	0.3021561529	0.2843418207
	0.2644550717	0.3125522146	0.2654227529	0.2412554541	0.2868207884
	0.2282224339	0.2480578161	0.2353273805	0.2122966276	0.2939157034
	0.2491732277	0.2865006965	0.2786896367	0.2719348604	0.2604323853
	0.2690189877	0.2625173828	0.2788860316	0.2729869404	0.2599756723
	0.2648560972	0.1782137083	0.213752479	0.1982825937	0.1733592005
	0.19680174	0.1599476124	0.2207636634	0.2048085636	0.1849561362
	0.1564540712	0.169947696	0.1967718492	0.1843923019	0.1679200554
	0.1921005725	0.1957100294	0.1794964373	0.4612400853	0.4416456967
	0.4322242777	0.4532483371	0.462092209	0.4679496639	0.4476045369
	0.4772672458	0.5018081126	0.4861725529	0.4734600357	0.4926185126
	0.4806335733	0.4774626518	0.470442345	0.4975591148	0.5050380011
	0.4953182527	0.4792577561	0.483218931	0.3227419116	0.3376513354
	0.3391052466	0.3533577957	0.322587013	0.3569848833	0.3814830287
	0.3916774918	0.3741493802	0.3913147631	0.3707438939	0.4032526576
	0.4165305991	0.4748011636	0.4449361461	0.4313499899	0.4586864317
	0.7948851031	0.8510240672	0.8725926073	0.8327307489	0.7936948088
	0.8146913684	0.8326034221	0.8307260947	0.5059151738	0.4885385979
	0.5205042899	0.5399575692	0.7347327062	0.7904922159	0.7462949322
	0.7811197167	0.8154532009	0.5558261906	0.5967473031	0.6454823593
	0.5737328643	0.624581754	0.6735414805	0.686504635	0.9906578111
	0.9824713107	0.9924377876	0.9965850986	0.9746795375	0.9713576913
	0.9848347204	0.9986035264	0.984520193	0.9990223735	0.9958986738
	0.9967757081	0.9429987344	0.9655020754	0.9481139411	0.9755555487
	0.9306197426	0.9408894094	0.9638322509	0.9206842869	0.9773029411
	0.9539695075	0.9069376102	0.9313346024	0.8887689882	0.9122261621
	0.9950022935	0.9524647828	0.966174538	0.9381270944	0.9535847142
	0.9912478288	0.9944501592	0.9916034343	0.9958650652	0.98503384
	0.985015695	0.9770495657	0.9775319908	0.9644602564	0.9913785019
	0.9893368553	0.4667734639	0.4993281523	0.4624760395	0.4825236979
	0.4561657553	0.5161975744	0.4767783564	0.4780106224	0.4962330615
	0.4535447617	0.4452144866	0.3474266953	0.4010910029	0.3629647207
	0.3266776463	0.4035361202	0.420820519	0.4415227502	0.3853719009
	0.473090855	0.4211013863	0.4575401404	0.2916215979	0.3036472735
	0.2902442574	0.307097025	0.2651903608	0.2712279845	0.2740504403
	0.2780935661	0.2588888577	0.276920145	0.2954457446	0.2638365776
	0.3123549113	0.2666582115	0.2781803279	0.2303477643	0.2336164309
	0.2101132825	0.2050078816	0.1920370726	0.1987775907	0.1740009257
	0.1785710262	0.1964590326	0.1817550852	0.1684751585	0.20762366
	0.1614552915	0.1561367543	0.1711658844	0.1863084133	0.1795704706
	0.614105963	0.7327132642	0.6591732435	0.6166927002	0.692272374
	0.7812251752	0.7276317541	0.6975256951	0.7717077702	0.4537636292
	0.4273967186	0.4082371738	0.4032078997	0.4460379148	0.4026067093
	0.4390191916	0.3342781158	0.3671764352	0.3416864361	0.3701039824
	0.2014620343	0.3012967385	0.269268917	0.2739149539	0.3104509641
	0.2767634988	0.3068100503	0.264881904	0.2974734872	0.3062948156
	0.3153115448	0.2047184778	0.2285720715	0.2305606087	0.5417094605
	0.381461601	0.4300906075	0.4592240607	0.3863445459	0.367675981
	0.4171353818	0.4001303877	0.4618101819	0.4126510437	0.4501235506
	0.4240527815	0.456019194	0.4152599223	0.4417843129	0.4538671066
	0.4021528855	0.4305418681	0.4118179504	0.4967101687	0.4647665432
	0.4655833907	0.5391655839	0.5018483955	0.9203058415	0.935411542
	0.9090424097	0.8917046579	0.8791198907	0.7346841528	0.7838309852
	0.7878035824	0.8603577118	0.8252608855	0.8517447384	0.8206385444
	0.7556769934	0.340742054	0.358369977	0.3494930239	0.3684641648
	0.4113150883	0.4015463766	0.3733805257	0.3901138596	0.4205096316
	0.3987821689	0.3852832626	0.3196110635	0.3306882626	0.3474602947
	0.3315017262	0.3419879578	0.4090619233	0.2996486481	0.3176327763
	0.2977047817	0.307843647	0.2381998024	0.2294290081	0.2408498321
	0.2513156675	0.2797289336	0.2861054707	0.2864044372	0.2763885957
	0.270902764	0.2575567432	0.2652245939	0.2731075442	0.2441680564
	0.26015576	0.2668254332	0.2537259765	0.2125395092	0.2303131827
	0.2215773392	0.2195492219	0.2055168625	0.2060562044	0.213316393
	0.204856255	0.2100513544	0.2091478343	0.4408422035	0.4270292422
	0.4056458619	0.4266219288	0.4054570147	0.4541245551	0.4561995987
	0.4371619946	0.4390882729	0.4595283016	0.456831303	0.4354058676
	0.4369751207	0.4613546116	0.4570433157	0.4347421159	0.4132935031
	0.4410156412	0.4035290386	0.4513301599	0.4296208635	0.4153249922
	0.2852495149	0.3412437458	0.3008485908	0.2874183772	0.3369987216
	0.3585294401	0.3148866802	0.3221981412	0.3772614988	0.3560361784
	0.3965456226	0.3814705222	0.4418350382	0.4156961914	0.4228649932
	0.40245107	0.4491982218	0.5003201	0.4692418803	0.4756169258
	0.9234519141	0.8663479166	0.8916051592	0.8686648795	0.8535620772
	0.8530326203	0.8056222996	0.8382696023	0.8219792091	0.531473517
	0.5604225716	0.5727283365	0.5059529133	0.7412663665	0.6564739992
	0.705267237	0.735105727	0.697761655	0.7700051925	0.7874679882
	0.6132779674	0.6636193997	0.6009760617	0.9659871057	0.9905485182
	0.972044146	0.9892461891	0.9847329127	0.992251067	0.9774651633
	0.9863767331	0.9924451849	0.9799127795	0.9864077531	0.8923694079
	0.9598631965	0.9518874486	0.9353482501	0.9138685743	0.9122514269
	0.9284121533	0.9489088012	0.9858376977	0.9779678163	0.9849481388
	0.9766249687	0.98299702	0.93119215	0.948057582	0.9410831743
	0.9740330158	0.9849740822	0.955634665	0.9695707918	0.9636144147
	0.9779817612	0.9815123971	0.9765784882	0.4376277559	0.3984245099
	0.3936130256	0.4295580556	0.4348219303	0.4400175715	0.4022195397
	0.4041594977	0.3934271302	0.4265308874	0.4348563154	0.4004132437
	0.3930804913	0.3838662375	0.3777033474	0.4178114822	0.359097293
	0.3244712583	0.3687658482	0.3532186959	0.3678328578	0.2962148177
	0.2924295825	0.3109525018	0.3327688094	0.3492069496	0.3232919508
	0.3672269587	0.2603651241	0.2581782399	0.2714114945	0.2717368093
	0.2476004866	0.242428221	0.2545007438	0.2523335736	0.247631602
	0.2632471896	0.2629043245	0.2564979874	0.1467527872	0.1512150404
	0.1407653643	0.1741987728	0.1582127195	0.1641246776	0.17547855
	0.1588043135	0.1505271652	0.1448039153	0.5417249227	0.581775918
	0.49421484	0.496260526	0.6515721507	0.568921045	0.622101331
	0.5316502155	0.701490942	0.5960475067	0.6797128218	0.6276500406
	0.1599817359	0.3646610483	0.2807838601	0.2650913521	0.3503183197
	0.3149012057	0.3293896781	0.2969950866	0.1784392544	0.165702969
	0.1820969179	0.2063550808	0.2343124697	0.2126845282	0.2460092638
	0.4221063732	0.4050922044	0.4496042565	0.4524098856	0.351576006
	0.2969064935	0.3072118825	0.3343481496	0.3763830636	0.3505197231
	0.3797642375	0.3238843252	0.342067141	0.3699878366	0.3898896386
	0.3431867621	0.3765106451	0.3286034519	0.3340943745	0.3602822293
	0.3770973568	0.39327455	0.9040674742	0.8852096095	0.8668568545
	0.8695374098	0.8952839531	0.8418764461	0.8107938367	0.8116162242
	0.8393521238	0.7216207473	0.6817531276	0.7500956093	0.6480212545
	0.7778780384	0.7106091321	0.7414504292	0.7790736448	0.3707946976
	0.3470180367	0.3578664481	0.3605700996	0.3760425987	0.3887821503
	0.3909627956	0.3399245466	0.3032539449	0.3062451863	0.3276964465
	0.3236332392	0.3078807305	0.3163120542	0.3306803056	0.3840704285
	0.354929358	0.382831426	0.3661550064	0.2833040242	0.2849553483
	0.2658966994	0.2731577376	0.2317079791	0.219213892	0.2224886927
	0.2385780803	0.2507121045	0.2562945762	0.2635071905	0.2432094289
	0.2561361476	0.246246214	0.2598518046	0.2453901929	0.2386427023
	0.2260238632	0.2101707006	0.2085117917	0.2106737556	0.2029801169
	0.2029799338	0.2079775592	0.1977384835	0.4017803166	0.3982506884
	0.4208607401	0.4237086529	0.3803773366	0.3435115485	0.3515127561
	0.3763867411	0.3614713932	0.3312703879	0.3576385696	0.3182130006
	0.3684447679	0.393474349	0.3874077352	0.4008218041	0.416597027
	0.3703570231	0.3683903974	0.3562337344	0.3958873288	0.4086146413
	0.3834799001	0.3523348962	0.3423356806	0.3785674399	0.3608936523
	0.3943064095	0.3575332639	0.3015093162	0.2568788567	0.2833554809
	0.2724885082	0.2697228656	0.3306538682	0.3459760324	0.329587814
	0.3148565499	0.3848809494	0.4286669323	0.3750188753	0.4067288545
	0.4051192574	0.4285627123	0.4539589432	0.4792521824	0.5333163676
	0.4525790219	0.5065111866	0.9112445127	0.9217480076	0.8926606642
	0.9032666429	0.8881095115	0.8392248123	0.8065908971	0.8363070604
	0.8661988491	0.8034375778	0.8686865296	0.7586990238	0.7622392012
	0.6243765719	0.5862998344	0.7098694836	0.6500544396	0.6858922019
	0.5592589822	0.7278809881	0.9739473444	0.9724348769	0.9643233508
	0.966363378	0.9531606459	0.9592608178	0.9786642562	0.9255569046
	0.9469835253	0.908074786	0.8898213354	0.9250344152	0.9078312671
	0.9403250342	0.9574709968	0.9685623784	0.9654461744	0.9689015835
	0.9663615642	0.9600087073	0.9520421908	0.9569086176	0.9274833082
	0.931154169	0.9130570828	0.946601745	0.9539767376	0.9602052445
	0.9429593791	0.3168748471	0.3347261234	0.3210049397	0.3671187781
	0.3654422685	0.3662330371	0.3172943666	0.2753065524	0.3101889952
	0.3262692333	0.3006657889	0.3383071022	0.3509486707	0.3067716402
	0.3446042371	0.2841374695	0.2705241405	0.3029184345	0.2862287118
	0.2733319361	0.2750840739	0.2534776786	0.2459874761	0.2840977258
	0.2648955317	0.2458487097	0.2444767077	0.230296181	0.236057773
	0.242629267	0.2257074787	0.2342919285	0.2300431341	0.2529488384
	0.2540599926	0.2417399328	0.2417886646	0.2323020235	0.2266669695
	0.1365846432	0.1393393961	0.1341327827	0.1414118656	0.1485164283
	0.1457502974	0.1370411131	0.3997440115	0.4780742948	0.4439357561
	0.4163738022	0.3938553493	0.6065104434	0.5295580953	0.4885237875
	0.5122542896	0.5723265024	0.5428803827	0.4608325051	0.447838976
	0.1537957999	0.1552498718	0.1457247733	0.1694721431	0.2611098708
	0.1881436149	0.1946026821	0.1725581343	0.2347678618	0.2683417801
	0.224353403	0.3580591231	0.3218724839	0.35231825	0.3244049193
	0.2402762568	0.2923064291	0.2580062785	0.2739288554	0.2764953649
	0.3095910658	0.303007723	0.2934968877	0.2629641693	0.2901107347
	0.8838434482	0.8548675182	0.8725762675	0.8598711597	0.8453645405
	0.8354004668	0.8082800787	0.7690203752	0.741356691	0.7975263505
	0.8266102398	0.7792926293	0.7876713969	0.5963330301	0.5619695581
	0.5188257251	0.6708528524	0.6390766357	0.7298411432	0.6271139019
	0.670773743	0.7013475498	0.2655390436	0.3489538686	0.3156981439
	0.3381182643	0.3239061132	0.2903911971	0.2995354727	0.2602867527
	0.2856770872	0.2716441409	0.2926477382	0.2770148795	0.3151867763
	0.2858967978	0.301068861	0.3238754102	0.2373972045	0.227532568
	0.2408938443	0.2467370591	0.1980386863	0.2005376425	0.2089239625
	0.2290195424	0.2174664815	0.2088504594	0.219599807	0.1876030804
	0.1901987287	0.1838451499	0.194308187	0.1772139693	0.1879798004
	0.1784018751	0.2752349824	0.3372478512	0.2908963958	0.3235769331
	0.371199485	0.3050415595	0.3648804323	0.265767759	0.2424420118
	0.2798843461	0.2932529935	0.2702769918	0.2506916524	0.3063408742
	0.3170406132	0.2833437501	0.3382586773	0.3122288825	0.3577252689
	0.2953475405	0.294114513	0.3329709884	0.3154058734	0.3014464535
	0.3483690437	0.3272547932	0.2241826557	0.2573026268	0.2686206205
	0.3933213013	0.3615221877	0.3833064596	0.3446593308	0.3622420809
	0.2956507943	0.2703331921	0.2664062923	0.287177586	0.274308112
	0.2809980726	0.293774809	0.3050392483	0.321538412	0.3110844337
	0.2890908103	0.3423765844	0.3268711859	0.5965514012	0.4997150216
	0.5398929842	0.415938091	0.4250985145	0.4781524877	0.5311094757
	0.4476559291	0.3077017786	0.6035017493	0.8700516078	0.9082167032
	0.8812708634	0.8927626995	0.8692360836	0.8695274235	0.8553261423
	0.8403613733	0.8889579939	0.6380209952	0.8082588547	0.8250463481
	0.7866483515	0.7770009655	0.7540532956	0.7021394779	0.7435449717
	0.7131838183	0.6802577976	0.6582295485	0.9509698807	0.9448629854
	0.9304592169	0.9316927933	0.8749192762	0.8832160892	0.9081087308
	0.9062303977	0.9226419421	0.921112166	0.940884499	0.9442729369
	0.9351402251	0.9250893623	0.9218632866	0.9151996186	0.8962527867
	0.9340967412	0.9136797416	0.2709197405	0.2556238958	0.2241054282
	0.24594128	0.2087637605	0.2054464968	0.2290220969	0.2666788051
	0.2536861852	0.2235107389	0.2171048136	0.2417246614	0.2454838645
	0.2342802663	0.219242224	0.2293364665	0.218466723	0.2198062867
	0.2192882144	0.2141458242	0.2138283741	0.2109950326	0.2255615597
	0.2518746692	0.235736736	0.2315772927	0.2421222253	0.2233986724
	0.2172965197	0.1335029674	0.135554681	0.135058195	0.1393778281
	0.1429057719	0.1472066438	0.137279751	0.4939600162	0.3447927568
	0.385642754	0.3139797712	0.3649882056	0.3969563562	0.3505073947
	0.3314886527	0.4270964044	0.4847865198	0.4459130772	0.4623304203
	0.4070007825	0.3903706031	0.3600131351	0.4055105532	0.400497563
	0.439036586	0.437919026	0.1586461607	0.1678341691	0.1528969596
	0.1791285318	0.2176651014	0.2032954285	0.1911180806	0.2056715256
	0.2850345996	0.2343939406	0.2435074652	0.2235462835	0.2582285208
	0.2689490655	0.3011596801	0.8449265682	0.8454261505	0.8161225422
	0.8184050482	0.8062761559	0.7910526577	0.7853974827	0.8315475585
	0.7568581606	0.7554072274	0.717540343	0.6987857753	0.7148621943
	0.752985953	0.758994708	0.5502889059	0.5350943243	0.6376633547
	0.6571190108	0.5946760104	0.5771646326	0.4921092148	0.2340640342
	0.2205082799	0.2152037944	0.2440862693	0.2797020818	0.2466349349
	0.2646095139	0.2668147677	0.2243284943	0.2358374246	0.2549158261
	0.2306128766	0.2122867798	0.2478694943	0.2381007952	0.1977268444
	0.2022986734	0.1858266928	0.208110901	0.1681039977	0.1894207949
	0.1753940577	0.1772349085	0.1560369819	0.165287489	0.1711335737
	0.167224662	0.1516348839	0.1563673178	0.1924157228	0.2017566269
	0.2074549016	0.2504904186	0.2294385039	0.2275909586	0.2755184624
	0.2711253672	0.2245886075	0.2073540288	0.2056351151	0.2426037264
	0.2615936484	0.2639963822	0.2239089504	0.2238567447	0.2272545579
	0.2662787056	0.1891789595	0.1900960372	0.1770022023	0.1786391929
	0.2449664115	0.2627443448	0.2593582693	0.2810498683	0.2779808435
	0.3004793662	0.3189110124	0.3189106378	0.2973240824	0.4350457747
	0.3807830865	0.4122984628	0.4037974336	0.3478060178	0.3880477846
	0.3710418566	0.3358173564	0.3264596566	0.3577964403	0.3141838301
	0.4802651068	0.5191382419	0.4430473953	0.5815966618	0.5460926866
	0.5065734963	0.4664908347	0.3619470538	0.3594866417	0.3376973719
	0.3378738718	0.5532804397	0.6577722657	0.6182108778	0.6153454765
	0.8558164935	0.8191356232	0.8170784533	0.843210536	0.8318739481
	0.8866954671	0.8596502561	0.8672757797	0.8350276487	0.8484759034
	0.8023034546	0.839141157	0.8149758293	0.7419732348	0.6980691495
	0.7620764845	0.7309496251	0.6594408161	0.7092483127	0.7764434082
	0.8224927824	0.9014506038	0.8285428535	0.8830453415	0.907954022
	0.8519294577	0.8797697767	0.8551941948	0.8752797127	0.8782301553
	0.8988691878	0.8694795463	0.8704077558	0.8925356646	0.9030744856
	0.1968262834	0.2027721278	0.1950278343	0.2100200699	0.205208742
	0.1834037214	0.187063574	0.1786969605	0.2060430602	0.2185583815
	0.2115068359	0.2040392403	0.2007431618	0.2071470326	0.1950174163
	0.2292051538	0.2246397028	0.2415448477	0.2149610615	0.2366718033
	0.2315020836	0.1466999198	0.1426026045	0.1394925933	0.1623997912
	0.1495967624	0.1506590717	0.1615143812	0.4762848408	0.4354456064
	0.3993652687	0.4114450316	0.2319905412	0.3160298205	0.3725529815
	0.2835807441	0.3689794624	0.3443239995	0.308344571	0.3350018053
	0.3643666769	0.3470124692	0.3322103222	0.3774154292	0.1954115217
	0.1970327111	0.1763292688	0.1801378873	0.2144527178	0.2127080933
	0.2342398825	0.2776510214	0.2531620116	0.2545846288	0.4499871099
	0.7772139507	0.7890699003	0.7516445642	0.7552047872	0.791736586
	0.7638945693	0.6752258342	0.720691524	0.6552426571	0.7005642677
	0.7388078109	0.5961301953	0.5156457992	0.5093371323	0.474042274
	0.5760533235	0.1828180329	0.1956714489	0.1785897769	0.2048756161
	0.1699823373	0.197394935	0.2153249014	0.1735170628	0.1778239571
	0.1567502821	0.1558120817	0.1785382926	0.1539651756	0.1538535649
	0.1634282535	0.1382479008	0.1238785398	0.1306400924	0.1410210352
	0.147462304	0.1186652262	0.1399438541	0.1230435058	0.1708854438
	0.1695260123	0.1650127715	0.1731574853	0.1772623878	0.1604497651
	0.1877291898	0.1919741354	0.1896018726	0.1664748737	0.1642675311
	0.1573641815	0.1605635295	0.166996374	0.1435474557	0.2502342318
	0.2699126214	0.2740992658	0.255552569	0.2893415964	0.3149794153
	0.3106954403	0.293692183	0.3321846502	0.361514456	0.3606867587
	0.3368252718	0.4478837227	0.453186997	0.3992723102	0.3838022488
	0.4292845	0.4822384231	0.5551340534	0.4170627094	0.3814636168
	0.4886910217	0.4292969089	0.3850283889	0.3846821892	0.6696621903
	0.5471915907	0.6079310148	0.6183226456	0.7569073743	0.7928260149
	0.7578468319	0.7966568654	0.7905989523	0.8476321302	0.7992334312
	0.8504719115	0.8258000134	0.8171232905	0.7607272507	0.7500881796
	0.753436834	0.7867657871	0.7151720634	0.7935698938	0.7179886099
	0.6584329757	0.8456599215	0.7984094991	0.8231097339	0.8133890118
	0.8460904265	0.8084999993	0.8434452742	0.7856620727	0.7552768332
	0.810024054	0.1652485739	0.193079967	0.2046946327	0.179485132
	0.2171771101	0.1799553827	0.1866155369	0.2101181731	0.196820407
	0.1857598774	0.1728253498	0.2028902926	0.2197091291	0.1691273077
	0.2288154414	0.2016892568	0.2143845722	0.2189622735	0.2638844086
	0.2445268663	0.2553572855	0.234191369	0.1562205376	0.1641170077
	0.1727384687	0.4117661155	0.1769096055	0.1964965229	0.2019654606
	0.1823241893	0.3766315943	0.353952227	0.3591292204	0.3882598739
	0.3020159148	0.3168433878	0.2876734546	0.2570967904	0.3012840992
	0.327329688	0.2491910432	0.2234307294	0.33093859	0.2191598948
	0.2372015826	0.2783297643	0.2677828179	0.4336788664	0.4669067654
	0.4199215661	0.3981287164	0.7204422451	0.712216505	0.5662668588
	0.6188243136	0.661683843	0.7162641787	0.6580054776	0.6739624253
	0.6784114929	0.7187539795	0.6334319596	0.4995021859	0.4513402772
	0.5516185737	0.4847727677	0.1238683929	0.1289573592	0.1395331573
	0.144798193	0.1370801217	0.1325463572	0.1404705969	0.1244318116
	0.1381356963	0.122522422	0.11200764	0.1091103992	0.1163871536
	0.1019258366	0.09415462575	0.1038993659	0.1038146838	0.09649913266
	0.1075773876	0.09568074452	0.09428114369	0.1585391439	0.1486625895
	0.1520333314	0.1520478815	0.1435448677	0.1381806999	0.1608354864
	0.1374529636	0.1297676167	0.1303520404	0.1220329691	0.3054541828
	0.2843718035	0.327145048	0.3297767505	0.35586969	0.3082530686
	0.2753382212	0.4154373731	0.5358366567	0.4602248511	0.384443012
	0.4734696004	0.3576077931	0.4288535824	0.6240576737	0.6792190423
	0.520188664	0.5803511246	0.5943776402	0.5057678253	0.6536549906
	0.7370731951	0.7198424885	0.7764759646	0.7519173523	0.7066858829
	0.7804975619	0.6656573704	0.7414395761	0.6381752999	0.7327934858
	0.6935615492	0.7244257443	0.7085597807	0.77014312	0.297858402
	0.1776109728	0.1695629769	0.1562822421	0.1658568593	0.1830964261
	0.1904339347	0.1954177822	0.2052793692	0.2122824856	0.223484601
	0.2804449354	0.2563884968	0.2350974274	0.2658148744	0.2439154939
	0.1924037769	0.2090718664	0.2153341118	0.344225002	0.3551321941
	0.3860639838	0.3648975573	0.2297731067	0.2521812909	0.2466001957
	0.2326649282	0.3235783846	0.2935662307	0.268107423	0.3360128083
	0.3146950402	0.3000569829	0.2777424004	0.3947907027	0.3746606368
	0.4378484215	0.4058150914	0.590422047	0.5555742325	0.6203004771
	0.5542587363	0.571514076	0.6033897158	0.5386091412	0.5355284082
	0.5347673667	0.636563744	0.6014870686	0.5701227605	0.4248898472
	0.4396686636	0.4885179225	0.4686847625	0.1056321924	0.114286714
	0.1135097648	0.1210928023	0.1065536225	0.09874974832	0.09273603412
	0.09634596314	0.09046289047	0.08916767353	0.08844629858	0.08746851328
	0.0882918562	0.08856377593	0.1590989453	0.1506470348	0.1396326906
	0.1468148634	0.1321689604	0.1349318828	0.1240488543	0.1434369858
	0.331067812	0.3879261371	0.3992225048	0.3124083003	0.4441961444
	0.4411146989	0.3448551608	0.6217894142	0.6850036612	0.5711897472
	0.5547288836	0.6510890018	0.609235585	0.4283964241	0.5003774783
	0.3952286873	0.5462467005	0.4364327208	0.5634116141	0.4915427604
	0.6906791115	0.6124844142	0.6400913916	0.6325505277	0.6030549451
	0.6757735734	0.2961362565	0.3242348272	0.26903415	0.2934095235
	0.1789824885	0.1869880281	0.174728888	0.1667331872	0.2223204738
	0.1926177544	0.200881105	0.2095319271	0.2720011357	0.245592585
	0.2313696052	0.252389272	0.2489548504	0.2515615512	0.2385885585
	0.32565428	0.3378976581	0.3653095193	0.3456473647	0.2825928951
	0.2620999509	0.2611562849	0.2718464163	0.3198013976	0.3037586551
	0.2915437511	0.3067230797	0.5160720719	0.3554942577	0.3636279844
	0.3983450861	0.3835468482	0.3767542121	0.500750561	0.4550182663
	0.5041036921	0.4578199272	0.4576675269	0.5005941497	0.4997171192
	0.5058572787	0.4567909918	0.4556986389	0.4125917638	0.3859778263
	0.4110791765	0.1158991686	0.1260794049	0.1046744066	0.1155234135
	0.09520145762	0.1044881262	0.1000392443	0.09289676429	0.09190630652
	0.09971146709	0.09797169493	0.1694374921	0.1486122054	0.1615117122
	0.1573616522	0.1391204765	0.1385997205	0.1510738935	0.1275511643
	0.3249765262	0.3879704454	0.3523129406	0.3542216901	0.4726451044
	0.5269725657	0.4670516509	0.4734053159	0.3817983974	0.4190856827
	0.5870309083	0.5307891837	0.4743461596	0.4187845825	0.5014404323
	0.559609692	0.4716379863	0.5579822098	0.2931427613	0.2760934797
	0.3225633643	0.2963441357	0.1991257618	0.1828381394	0.1747818762
	0.1911500799	0.2270513651	0.2166716431	0.2458584514	0.2563911936
	0.2363275595	0.2081020803	0.273161871	0.1807332637	0.2631143874
	0.2707340068	0.2696976855	0.3144881027	0.3301503352	0.3382590499
	0.3192533071	0.2855615522	0.2802719054	0.3004850222	0.2763885031
	0.3057883987	0.2934431362	0.2903270966	0.4103477609	0.4141989508
	0.3745055385	0.4143386312	0.379400313	0.3543374947	0.344923492
	0.3259182807	0.3314234129	0.3621641965	0.4107172122	0.3391131206
	0.3779158626	0.3733645838	0.3866672975	0.3507069349	0.1107985189
	0.1175991684	0.1228017965	0.1186776283	0.1078960307	0.116122661
	0.1260616993	0.1065224729	0.1225446573	0.1101276059	0.1749981607
	0.1508186271	0.1645907327	0.1621082666	0.1374410653	0.1339823537
	0.1474827386	0.1711490813	0.3452755149	0.3157483695	0.3642789145
	0.4106819883	0.4040703641	0.3697827695	0.381340337	0.3589813564
	0.3322849585	0.4155480222	0.2603537273	0.2782826397	0.3038528055
	0.2869335972	0.2034602683	0.1979788492	0.190047266	0.2158415651
	0.2291719913	0.1920476642	0.2342992761	0.1849746178	0.2116825136
	0.2530840058	0.2765422242	0.2809316718	0.2797575408	0.2826222582
	0.2973160478	0.3092832172	0.3020563331	0.31466427	0.2922584857
	0.2862962771	0.2878964642	0.3270878458	0.3435793036	0.3361045318
	0.3457604632	0.3275947013	0.3058288337	0.3141758702	0.3419526742
	0.3182549571	0.3292073759	0.3172764478	0.3086508068	0.3244678538
	0.3056658344	0.3184441787	0.3389288665	0.1359561865	0.1756887107
	0.1320390724	0.130406107	0.1529671117	0.152730852	0.1579953308
	0.1670585688	0.1522127257	0.1434010542	0.2969390752	0.1937223356
	0.183459437	0.314911334	0.2450467292	0.2157504166	0.2919798702
	0.2733340571	0.2682450786	0.207771755	0.2524960176	0.2223570517
	0.2313053382	0.2808427429	0.2797115982	0.2814080527	0.1693541703
	0.1699869083	0.1894824418	0.2830877794	0.2949893862	0.2880754457
	0.2789319151	0.2813541325	0.2867688888	0.2975855382	0.2641462918
	0.2862564784	0.257262943	0.277789501	0.3022913037	0.2852038135
	0.2889229141	0.3047541654	0.2867351518	0.310272549	0.2928560078
	0.2714912795	0.2930231036	0.2987119935	0.1742780617	0.2458207983
	0.2031522151	0.190787969	0.20049965	0.2356534266	0.2284922457
	0.2764926203	0.2757187484	0.2713543514	0.2265383982	0.2139191488
	0.2079879115	0.2780555822	0.2544827111	0.2372244331	0.2418276988
	0.2320959381	0.2692312168	0.2777341479	0.2662593232	0.2521697283
	0.2778874694	0.2231708021	0.2685547806	0.2662561972	0.2640564573
	0.2482161278	0.2596195761	0.2422290282	0.2567445334	0.254376698
	