6339	
	1.074786335e-065	8.034640191e-066	0.0001932629551	1.416913625e-065	0.0001910211102
	3.100942148e-066	5.073944444e-005	0.0002478219848	2.168511334e-066	4.056098924e-066
	0.0001955445574	0.0001884139845	1.84272621e-065	0.0001760763232	2.362429465e-065
	0.0001891632343	5.231856044e-066	0.0001921703515	0.0002735703906	0.0005148811188
	6.444237593e-005	0.0004745050575	5.018884465e-005	2.338129617e-066	0.0005417592527
	0.0005064042835	0.000242030574	6.275725326e-005	0.0007424817969	0.0002017449503
	0.000240375152	1.741106573e-066	5.924895071e-066	1.070389795e-066	2.708773221e-067
	1.084395741e-066	0.0001559060557	0.0001970248956	0.000158985274	7.153764352e-067
	0.0003023369788	0.0006808120441	0.001291447089	0.000670926505	0.0006876771659
	0.001408690213	0.001284133338	0.0006886774812	0.0007639724652	0.001461367444
	0.0008968512519	0.0008689873572	0.001513816708	0.0001559230416	0.000204301807
	3.079039314e-066	5.3029517e-067	6.632192042e-067	0.0001923111351	0.0002813381855
	4.64272625e-005	4.402140632e-005	2.981843071e-067	0.0001750680685	5.470533747e-067
	0.0001534196113	0.0005083626853	0.0003459457323	4.523762828e-065	1.025357776e-065
	3.704205002e-065	7.059160632e-005	9.913536963e-005	2.980791675e-065	6.493900313e-005
	7.33536816e-005	8.32686754e-066	0.000627452469	0.001269640793	0.001314534565
	0.0006691140718	0.0002316587748	0.0001698048191	6.672338082e-005	6.65038428e-066
	0.0006836382837	0.001271275826	0.001083003772	0.0006130084709	1.658312309e-065
	4.000048392e-066	0.000295643027	0.0002361450567	1.544219051e-065	9.764417424e-005
	8.300124841e-066	0.000225932721	5.42871987e-065	0.0002659307571	0.0002304297823
	0.0002952554346	1.24290958e-065	0.001122146877	0.001184564325	0.002118307738
	0.0009619576985	0.00143678944	0.001507961915	0.001848875337	0.001893659441
	0.001642991538	0.0007798734359	0.0008591481871	0.001563412818	0.0007279174776
	0.0008807705743	0.001552975325	0.001555330993	0.000800009727	0.001600488364
	0.001765727252	0.0005796730722	0.0006459413276	0.0013041961	0.001067039639
	0.001986177831	0.001974954008	0.002636964334	0.002746438706	0.002087369606
	0.002892554485	0.003000522086	0.002246252466	0.00297111474	0.00301101747
	0.002172275048	0.002474961332	0.002134700384	0.0007378336545	0.001562524845
	0.001701560754	0.0008568208554	0.001387200722	2.27052533e-067	0.0001389560704
	0.0002209697277	0.0002186710539	2.353409096e-067	0.0001048070299	6.387575383e-068
	9.044944492e-068	0.001006656969	0.0006842543993	0.001161622443	0.001423905119
	0.0007504698723	0.001738071702	0.000570559805	0.0005559278104	0.000881211164
	0.0003651173055	0.0002973506507	0.001260639685	0.0006603713386	0.0002663850972
	0.0002412340658	0.0004774125213	0.0006244253008	0.0006332233895	0.0006005262648
	0.0002426118417	0.002655386847	0.001804904422	0.002448705372	0.002033051671
	0.0009293298278	0.001385737796	0.001171049936	0.001808936969	0.000783643174
	0.002246462638	0.001608588681	0.0003014860506	4.628977305e-066	0.0003260613147
	1.792503399e-065	4.32744387e-066	0.0003198913168	1.911954247e-065	8.403543051e-065
	0.0003474918389	0.000402264595	1.115580924e-065	0.001242792366	0.001247574323
	0.0009910359093	0.002390738482	0.001051135675	0.002102591083	0.0009168853283
	0.002414475459	0.002140794784	0.0009287028636	0.0008310756739	0.00118694781
	0.001744369039	0.001966985776	0.002757166834	0.00109070594	0.003039616501
	0.003324571586	0.002388885686	0.002604720079	0.003206485823	0.002462620039
	0.00381290854	0.003428265503	0.00285766063	0.003280261824	0.003636803871
	0.002564265545	0.002543071774	0.003407927646	0.002366810886	0.003228019043
	0.002566040749	0.002211234241	0.002380978807	0.003420251853	0.003405266272
	0.00389364232	0.00360317086	0.003268543642	0.003365512615	0.004270303836
	0.003622331157	0.004417524624	0.004025573715	0.003512087789	0.003756667913
	0.003769625159	0.004705190522	0.004456110511	0.003804137854	0.004248825068
	3.781709861e-068	0.0001487984379	1.009231777e-067	9.77519308e-005	0.002212002586
	0.003402485656	0.002591351429	0.003458623219	0.003451493907	0.002566947988
	0.002573310385	0.003146384866	0.0003890626814	0.0004688566807	0.0008978924408
	0.000577157547	0.002763541165	0.0008200982203	0.001163455248	0.001568558581
	0.001292111291	0.001906152579	0.002164035554	0.002660536952	1.858164332e-068
	0.0001567397166	4.979750009e-068	0.0001469233419	1.87055727e-068	8.089914726e-068
	0.000159350021	0.002186329722	0.002738249206	0.001596016524	0.001872756061
	0.001055667787	0.003033921833	0.002449641586	0.001825714525	0.001546894062
	0.002172200457	0.001562841311	0.001838879524	0.001034074432	0.001116043987
	0.003449398756	0.002813058961	0.002313598276	0.00245380029	0.003191411359
	0.002885990909	0.002050924121	1.134854043e-064	0.001383858104	0.001599201251
	2.794533867e-065	0.001570686467	1.086262106e-064	2.645158188e-065	0.00136268523
	1.018030282e-064	0.001481966965	0.001239129169	2.225212939e-065	0.000616113169
	0.0004505688971	9.345601234e-065	0.0006678276051	2.451884047e-065	0.001279884777
	0.002517006162	0.003225467547	0.001302990304	0.001433164143	0.001683544251
	0.001993692662	0.00360521998	0.004161413126	0.004956985992	0.006447557138
	0.004068486504	0.003904121204	0.006122306479	0.004544385187	0.006679547617
	0.00384406871	0.005938229531	0.005296660194	0.005354293456	0.00303924682
	0.006860536526	0.003599715327	0.007464613355	0.003996449737	0.003782176658
	0.004503276242	0.004181811268	0.004004527912	0.004602890902	0.004493092164
	0.004742648933	0.004039564444	0.005341899009	0.005474004817	0.004389656044
	0.005169679892	0.004370058777	0.004723169198	0.005494050368	0.005158309793
	0.004318641886	0.005146236816	0.005350683404	0.004276883409	0.004302884128
	0.004301607456	0.005309544688	0.005345776455	0.004732972358	0.005035942596
	0.004485050328	0.004704557892	0.005006713946	0.005245540819	0.00571868251
	0.0052819529	0.005832736452	0.006236936729	0.005531600493	0.006006425202
	0.00145339144	1.627755376e-065	2.876020824e-065	0.001729812291	0.001000569933
	0.0005643166804	0.001244099555	0.0005598908746	0.00357270826	0.004542914578
	0.005953265396	0.005007621879	0.005343657098	0.004668154983	0.004019623382
	0.003723605765	0.004379020314	0.006850376998	0.001813080207	0.001558486574
	0.00197502499	0.002481812347	0.00440214623	0.003467560575	0.002465769388
	0.002940637599	0.00414903247	0.003619601191	0.002970419675	7.518419229e-068
	2.575860339e-068	0.0005149787492	9.393994578e-068	1.061898573e-067	2.064926678e-068
	0.0005800381608	0.0001501752276	0.000953602475	0.0003905100429	8.043077482e-068
	0.001245824766	2.750315175e-068	0.0005397338176	0.0004511835616	2.032008175e-068
	0.0003828095666	0.0004484991786	0.005366276555	0.006024009066	0.004334696655
	0.004525295029	0.004800956815	0.003289362835	0.003220536685	0.00420061076
	0.002746700726	0.003710126857	0.005953649742	0.01301845911	0.01307248922
	0.005741063494	0.01268069056	0.005479136947	0.005936090799	0.006096527345
	0.005879371208	0.005406941177	0.0131290132	0.01272255436	0.01069582802
	0.01237330713	0.004970465504	0.005135973496	0.01041791624	0.004936069532
	0.002487926811	0.003521270956	0.008187599791	0.006398464252	0.004831711436
	0.009689904691	0.006132999913	0.006851669935	0.01043894218	0.007673831361
	0.00781341972	0.0127348717	0.01158709298	0.009364098187	0.01218670841
	0.01357423845	0.009791847009	0.01390756733	0.00928387123	0.01030227844
	0.01388543789	0.007333014897	0.008347951783	0.01207840733	0.01252646428
	0.008417562132	0.01171711509	0.008564748857	0.0107279286	0.005409198373
	0.005210098482	0.006673096903	0.005842705688	0.005259503434	0.005212297564
	0.005904849253	0.006205358136	0.006068584593	0.005962256368	0.006780252377
	0.006147441865	0.006202172616	0.006595774934	0.00683912085	0.00707681882
	0.007466669875	0.006324894663	0.006306241569	0.007447643877	0.006972308893
	0.006374361269	0.007436695164	0.008463012462	0.006026781681	0.005788209658
	0.005541992247	0.005888456826	0.007331608979	0.007402468852	0.007173995137
	0.006347196559	0.006876216176	0.006362732218	0.006884809426	0.006597468525
	7.255641038e-066	0.006580526072	0.002989058844	0.008779275516	0.001701376011
	0.01392886754	2.9318554e-065	0.003078469298	0.0169441349	0.002099041936
	0.003130417371	0.002754004376	0.001713630068	0.005082723931	0.007958770493
	0.008897559757	0.009273217795	0.008496533113	0.007459642559	0.00661374877
	0.006530647817	0.006358941532	0.00548134341	0.005372286103	0.008389379149
	0.007394463169	0.00564222225	0.006471394927	0.004138559781	0.005527120907
	0.004841980548	0.006078807081	0.003507537752	0.00484386871	0.003846004986
	0.009650258269	3.31194093e-068	3.624780339e-068	1.571467171e-067	0.001009921471
	0.00102092454	0.0006735486979	0.0004957053835	0.002697934782	0.004792045452
	0.002205110436	0.004246314514	0.002505601728	0.001565034103	0.001805670937
	0.001392092696	0.003621691411	0.001677527804	0.003065863834	0.002958520609
	0.001470987427	0.002869512446	0.002689437123	0.009994647043	0.00941182513
	0.007434682165	0.006593170202	0.02348530959	0.02265817166	0.03346062285
	0.03614577384	0.02226818777	0.03512099368	0.02222418343	0.03448319487
	0.03427948827	0.03465273079	0.02261882926	0.01995649081	0.03022139248
	0.01993405283	0.02336081837	0.02744333552	0.01531815436	0.01466058875
	0.01784559301	0.01209812284	0.01712257734	0.01880181169	0.01586588048
	0.02361406373	0.01715632125	0.02525711939	0.02217052986	0.02323467526
	0.01814843713	0.01848734715	0.02333539812	0.02519659539	0.01698235631
	0.02322396284	0.01797443061	0.02448203825	0.01465798186	0.02185475727
	0.01856818757	0.0138817878	0.01339810286	0.01620861753	0.0204763326
	0.018873478	0.02674770552	0.006318627485	0.008660900389	0.008260644861
	0.01079767173	0.006690171179	0.007326664487	0.007242604557	0.01000231634
	0.01055790694	0.008382033276	0.007699543584	0.007969546049	0.007525687345
	0.007874016073	0.007823886246	0.008420987708	0.008438930696	0.009405967524
	0.00844814223	0.01007018721	0.01058515701	0.009955113248	0.008817682992
	0.00921780018	0.007043918941	0.006473064931	0.006849095308	0.006837743037
	0.008318809962	0.007550887528	0.007838760698	0.008026438481	0.007307993776
	0.007245643977	0.007545407907	0.00773100331	1.648060378e-065	0.002046611957
	1.163482463e-064	0.00947365965	0.02292648786	0.02616463165	0.01146169621
	0.002062309031	0.007862959476	0.01673925155	0.02056207428	0.04120969521
	0.04508140382	0.04753049445	0.06290102387	0.06466321217	0.004350024342
	0.005743799558	0.005697548291	0.004226843228	0.005149644059	0.01113018451
	0.006727964341	0.007417756629	0.008461784964	0.007316477849	0.009306844158
	0.008222999535	0.007554382944	0.01030514497	0.009630941216	0.008823843671
	0.008702894853	0.00620951183	0.007666305687	0.006691523293	0.008024650065
	0.01113904365	0.01172841531	0.01060667318	0.01166431292	0.006382281479
	0.006900344291	0.008460240888	0.004384409451	0.006028490824	0.005399046855
	0.003274625523	0.007453087551	0.008023240493	0.009513525494	0.0089194221
	0.007189129314	0.00504923438	0.005589179211	0.004526447788	0.005855238285
	0.006865764413	0.007334220858	0.01293288058	0.0186944431	0.01938108197
	0.014359875	0.067165709	0.06702274662	0.05043779622	0.04908434679
	0.04799400267	0.06280274985	0.04822284923	0.06542775507	0.04296270927
	0.05696124697	0.06237133094	0.04809725255	0.04388775485	0.03355116463
	0.038438069	0.02931386977	0.03906383925	0.03070866622	0.05175370303
	0.02913235224	0.03054327667	0.03863637756	0.0308971059	0.04071047739
	0.03227061534	0.04024112824	0.03264588232	0.033720898	0.0380629851
	0.02891006267	0.0406653552	0.04016772257	0.03059662085	0.02498052984
	0.02552182554	0.02438695046	0.03186433281	0.03118054682	0.03182093651
	0.02525772423	0.04324533934	0.04540952342	0.03881970694	0.03851475694
	0.007958226821	0.009431939028	0.00784603103	0.00969013141	0.01187196018
	0.01671187476	0.02102794146	0.01191452597	0.01529491608	0.02461401432
	0.01107332588	0.01058852944	0.01161422845	0.0110968067	0.008432834131
	0.009054451518	0.009553536948	0.009578030031	0.008787021922	0.01063708221
	0.008973748865	0.009292392342	0.01010399646	0.01003739998	0.008852918553
	0.009397377674	0.00928027936	0.00797058343	0.007836154204	0.008472118271
	0.007897384009	0.008114665522	0.008216395232	0.008527437491	0.00933750259
	0.008122529331	0.008495329921	1.10089941e-064	0.001844503029	0.007929611364
	1.141263338e-064	0.005774210953	2.908254332e-065	0.01084457941	0.00588658287
	0.001817095216	0.007015459235	2.835502064e-065	0.02416348712	0.01590398625
	0.007666880909	0.05914343504	0.06323151972	0.03291989342	0.03781273914
	0.0869074106	0.05798372123	0.02862537867	0.02481395891	0.05280600041
	0.08363281895	0.1047557794	0.1058671096	0.08248809063	0.08428109283
	0.1024293784	0.1056035351	0.08524829827	0.1273692267	0.008444374859
	0.008775862973	0.007174279028	0.007208618126	0.008134850579	0.007181421364
	0.008750294319	0.01153417535	0.01154414781	0.0126505586	0.01218226437
	0.01209163787	0.01218448555	0.01120394661	0.009518316183	0.01097354529
	0.009078263881	0.009372472698	0.01059738443	0.009967138847	0.009916565236
	0.009670150975	0.01100673847	0.01083703331	0.0128674082	0.01203334428
	0.01281053362	0.01215636935	0.01024052718	0.01174944556	0.01070335664
	0.01211304708	0.008642773002	0.008788291682	0.01042149163	0.01002856837
	0.01232345101	0.01121113654	0.01151978046	0.008998216434	0.01060205198
	0.009555036195	0.01061242709	0.02738358787	0.02337127738	0.03021826499
	0.03170732993	0.08385149234	0.08027929628	0.09765184943	0.1011159202
	0.04900023963	0.08599872249	0.07734914894	0.0938494816	0.07107565469
	0.06050045742	0.06961799474	0.0569949679	0.0656549214	0.0493502533
	0.06137711371	0.04922809907	0.07982937125	0.04916175356	0.06006989347
	0.0587953036	0.05091155894	0.05904425031	0.04889553718	0.03904551385
	0.05261436226	0.04530133322	0.05687207469	0.04943949827	0.04034541216
	0.06010263992	0.03594215697	0.03126536216	0.03550767614	0.02896922091
	0.0381966461	0.0117947137	0.01503285387	0.01194673125	0.01905587124
	0.02296260408	0.01908611449	0.01527705712	0.02917076292	0.03286780733
	0.02255064465	0.02691464868	0.01136851732	0.01084342001	0.010183665
	0.01062277615	0.0109263716	0.009273619144	0.009635954594	0.008753728264
	0.009967876722	0.01035330934	0.008805268721	0.01023346671	0.009121907154
	0.009777099101	0.01083190749	0.01482102098	0.01165214096	0.01083752304
	0.0089194842	0.009851921526	0.009136082735	0.01290333708	0.009035224453
	0.01003294126	0.01094944417	0.009338581679	0.03040015497	1.03604708e-064
	0.004243936351	0.003705765759	2.713152498e-065	0.01557296426	0.03325652247
	0.01462901839	0.0515774771	0.08859862356	0.04847787423	0.04921131287
	0.02440947291	0.02159511025	0.08539695769	0.07017853845	0.04858838428
	0.03745727525	0.02773158995	0.05327766347	0.05803941946	0.1291941542
	0.110986124	0.1475733505	0.1487160069	0.0820162899	0.08649790197
	0.1305276723	0.1266201848	0.09211994978	0.1216595812	0.1194279252
	0.08131990564	0.1218917561	0.1424398212	0.1464633867	0.125904438
	0.1380282814	0.118391266	0.1139120361	0.1309523978	0.1259381353
	0.1652678018	0.1606186893	0.1753093908	0.1653306542	0.180310166
	0.01119466047	0.01115678521	0.01173855391	0.01018549566	0.01265637926
	0.01207952775	0.01249472451	0.01188528832	0.01160551679	0.01334001119
	0.0130989899	0.01360199501	0.01313880209	0.0128171572	0.01295847384
	0.01186253053	0.01199744733	0.01257820078	0.01308365586	0.01313830736
	0.01213376172	0.013987978	0.01386606908	0.01363938871	0.01345296843
	0.01192063894	0.01373304869	0.01300682964	0.01376541832	0.01289871715
	0.01321097608	0.01189900518	0.01334463147	0.01378778944	0.01260912848
	0.01288774955	0.01390594921	0.01248875939	0.0119907644	0.01341382348
	0.01296683326	0.05022528949	0.04370914628	0.04142311975	0.0506471707
	0.06950731926	0.1158662481	0.1239188232	0.110037353	0.1013591508
	0.07065806583	0.08516464613	0.07968829901	0.08754024099	0.08288823238
	0.1075064931	0.09771759084	0.07188279315	0.09367863777	0.0732462738
	0.06834276367	0.07771900704	0.07657873954	0.06428660818	0.07168932912
	0.06061095518	0.07026546685	0.06039748373	0.03493386421	0.05235437837
	0.05191949017	0.04559432644	0.04230355662	0.03928548131	0.04818511526
	0.04282461521	0.03822374734	0.03479395774	0.02173229627	0.02742184355
	0.01891934321	0.0162048019	0.02469482101	0.03110206181	0.01051427669
	0.01129708519	0.01042247537	0.0110377805	0.009776078531	0.009927658252
	0.009329071775	0.009506691394	0.01010389391	0.009674038686	0.009405388955
	0.01036896727	0.01410628767	0.01648555333	0.01215345528	0.01408204787
	0.01088012136	0.01206004125	0.01863817619	0.00379279302	9.659968203e-065
	0.002894673409	2.569495065e-065	0.05364610615	0.05510741519	0.01395378989
	0.03222935697	0.03144756658	0.01213386105	0.07724920762	9.621861308e-066
	3.378405747e-065	0.007362577064	0.006331829169	3.825489771e-065	4.038723293e-065
	1.09162318e-065	1.206797842e-065	1.354307485e-065	0.005140106991	0.003486241658
	4.743155309e-065	5.029443766e-065	0.002962046233	5.445040563e-066	2.211575853e-065
	0.01233617626	1.836947864e-065	1.448130272e-065	4.556631804e-066	0.02437707308
	0.01227230896	7.602225107e-066	0.01320385607	2.962918809e-065	0.01441900106
	0.01511853126	2.592501052e-065	0.008072241476	0.01185645557	8.267768306e-066
	6.225261857e-066	0.07556110124	0.118133391	0.09958686209	0.1381681971
	0.1110594685	0.1084431676	0.1495917827	0.1489852635	0.170046526
	0.1646051984	0.1233894413	0.0832243911	0.1204967712	0.1327651092
	0.09353475473	0.1375712362	0.1355875303	0.08816980699	0.1671382128
	0.1754075309	0.1623622584	0.1650175073	0.1871486941	0.1813431201
	0.1865390511	0.1562829182	0.1596235921	0.1579027111	0.1930207333
	0.1937588882	0.1857125356	0.1991311061	0.1387705602	0.1545328858
	0.1487143557	0.1617026712	0.1701415831	0.1560939287	0.1416424436
	0.1508378337	0.1418890847	0.1359088295	0.1277330565	0.2039911016
	0.1931086481	0.1875493335	0.1985534618	0.1922142889	0.1817633043
	0.1731375717	0.1836449146	0.01297396691	0.01380714534	0.01348205947
	0.01411224779	0.0134275698	0.01074814454	0.01284117923	0.01221736549
	0.01247621804	0.01300344904	0.01153986247	0.01180642739	0.01122585817
	0.01063017325	0.01359649154	0.01421306203	0.01392966021	0.01399951551
	0.01437025033	0.0146131065	0.01378944745	0.01418656206	0.01391617001
	0.0145299378	0.01445308335	0.01386555027	0.01439390414	0.01463762676
	0.01471843022	0.01434232389	0.01435571749	0.01475696686	0.01470079602
	0.01405204929	0.01463542369	0.01408703159	0.01373034083	0.01479916086
	0.01439702428	0.01483414161	0.014865624	0.01434309873	0.01430956039
	0.01475743792	0.01465433063	0.01441631864	0.01488333551	0.01509337763
	0.05887459409	0.06725501044	0.06903973489	0.0598320322	0.09392768369
	0.08599025815	0.09784689796	0.08786303032	0.1046925189	0.109936188
	0.126518271	0.1166501091	0.1200523391	0.1006460027	0.1338311457
	0.0815955829	0.08394903381	0.09505205343	0.09366904964	0.0765053953
	0.09031698834	0.07908679924	0.0859651572	0.06526333363	0.04169671056
	0.04583922123	0.05749052439	0.0515662347	0.05750240263	0.0513573544
	0.06451747984	0.04698389214	0.03082447204	0.03410340702	0.03792805779
	0.04238284094	0.02125403076	0.02421961188	0.02773787292	0.01566777023
	0.0112752019	0.01108438933	0.01029975471	0.01067786196	0.01008089072
	0.01069933972	0.01012403917	0.01332047731	0.01270044945	0.01510395653
	0.01142889473	0.01875544507	0.02438973733	0.01783404369	0.02171405394
	2.327205208e-066	3.046811079e-066	9.100932387e-066	0.02546012873	0.02532569113
	6.607189372e-066	3.61554646e-066	0.02435389529	0.02426746154	1.159542879e-065
	0.07699713633	0.01080474124	0.0293541223	0.01753622383	0.007517512496
	8.831662367e-065	0.002915646388	2.375282587e-065	0.05307268551	0.03811901849
	0.1118558024	0.09517346837	0.07158746396	6.264725374e-065	1.467627708e-065
	1.698827517e-065	5.858277383e-065	0.002342610359	0.002531006235	0.002436900614
	0.007450748515	0.004693175151	8.018083264e-065	2.203566696e-065	0.004599432873
	0.003341123735	7.206214595e-065	1.833515812e-065	1.990849027e-065	0.002548500756
	0.003247646748	0.05224858997	0.03661668292	0.01846894493	0.02701628441
	0.02785040976	0.01326255411	0.009307062913	0.0381779826	0.04269014299
	0.1230978041	0.07917744501	0.117851615	0.06723944805	0.05955993396
	0.04627068755	0.09733416884	0.1006952773	0.05057971929	0.1812992128
	0.1728707165	0.1463162108	0.152900307	0.1345122975	0.1708149936
	0.1875181724	0.2048712283	0.1877483318	0.1733771069	0.2039718191
	0.1867472169	0.2144354826	0.2026626883	0.1980841053	0.2210063207
	0.2158919148	0.2006392469	0.2242970719	0.2244140475	0.1954897898
	0.2150845567	0.1776053143	0.2061237349	0.2102354322	0.2145201773
	0.2253031021	0.230982673	0.2254621007	0.2309160213	0.2366142089
	0.2274883294	0.2049335757	0.2116586969	0.2183542219	0.2100025124
	0.206297285	0.2177977286	0.2294009436	0.2236935228	0.2188648992
	0.2144650827	0.2119553248	0.2282086644	0.1553116416	0.174945049
	0.1383829894	0.1550546963	0.1642677638	0.1646103456	0.14628197
	0.2083637072	0.1917279343	0.200118742	0.2005450338	0.1724151295
	0.2063777469	0.1921669923	0.1835583402	0.1829184601	0.01204234944
	0.01495811746	0.01521942032	0.01527709599	0.0148461909	0.0128973871
	0.01257815201	0.01310369968	0.0135512621	0.01101241103	0.01184324073
	0.01125696577	0.01203769665	0.0117255565	0.01148645653	0.01132816932
	0.01087670182	0.01115695692	0.01238518703	0.01333345073	0.014387521
	0.01395319086	0.01392446722	0.01437470413	0.01511121521	0.0152442396
	0.01485493852	0.01472193397	0.0149797445	0.01492786764	0.01499367075
	0.01511135684	0.01504599151	0.01494978224	0.01496354873	0.01504215596
	0.014937209	0.01517524204	0.01540642437	0.01516702895	0.01531644092
	0.01534917397	0.0151560278	0.01521219117	0.01542802805	0.01546138912
	0.01546685199	0.01541134962	0.08237872225	0.08070808808	0.07365349084
	0.07226733834	0.07808761059	0.1071278951	0.1049203172	0.1185391748
	0.1169395385	0.1395729671	0.1468377748	0.1307395599	0.1283770421
	0.113374085	0.0967974412	0.1121072395	0.1021201424	0.1057208892
	0.09150259955	0.09967208983	0.09775518402	0.08913748255	0.06320552544
	0.06980304707	0.07024352642	0.0754722375	0.05128242344	0.06329991742
	0.05663766608	0.0566783328	0.05149671484	0.03816561178	0.04640034369
	0.04444691485	0.02722759748	0.0329363429	0.03068792575	0.03684267603
	0.0203919655	0.01297981534	0.01515633829	0.01698047764	0.01792497994
	0.01224063327	0.01419370291	0.01362688564	0.01506326829	0.01575438619
	0.01293628807	0.0242201696	0.02111347117	0.02929689363	0.02597975487
	0.03056642555	3.37829615e-066	0.02457641886	0.06900473627	1.095370141e-065
	2.822880006e-066	0.06757117732	0.05988888076	0.1229268477	0.1799763826
	0.0812920494	0.1319010753	0.170321457	0.2148433196	0.2260343944
	0.1626449671	0.02029478007	0.0561634929	0.04319786664	0.0256650978
	0.1892592153	0.1762048451	0.1411207947	0.07450806497	0.1580597363
	0.106119174	0.1255532571	0.08942688304	0.008726262647	0.01964053851
	0.02044977021	0.009269161723	0.03690835735	0.01604067275	0.02851675683
	0.01312120877	0.01108098908	0.0203610167	0.02486949736	0.03703163347
	0.06243491542	0.08338890661	0.1171551642	0.1257312208	0.04691457117
	0.07735138781	0.0983946043	0.1580223029	0.2379220389	0.1654234134
	0.2072794275	0.2129767361	0.2058209151	0.2318382717	0.224461483
	0.2055744764	0.2204005791	0.213386147	0.237511328	0.2006129285
	0.2225919307	0.2297082088	0.2263632358	0.2308978198	0.2315520316
	0.2336405129	0.2376750092	0.2369487247	0.233871206	0.2327614517
	0.2349004452	0.2323259864	0.2340259884	0.2377790044	0.2342467781
	0.2361134894	0.2377300721	0.2350756384	0.2354869226	0.2319907224
	0.2312548916	0.2216316525	0.2236034714	0.2249140076	0.2306002686
	0.2242210249	0.2135536056	0.2149390272	0.2084764138	0.2281707004
	0.2195484471	0.231559915	0.2327358968	0.2298451962	0.228465559
	0.2255057693	0.2282237608	0.2083061349	0.1617288386	0.1732587605
	0.1535960988	0.1663331355	0.1576695254	0.1984138534	0.2016984153
	0.1822582171	0.1968295015	0.1934950041	0.2010808838	0.1844784497
	0.1751340211	0.1906208757	0.1921625296	0.01168854548	0.0123750973
	0.01345830379	0.01411373621	0.01255636045	0.0146838708	0.01489724623
	0.01500000049	0.01481345941	0.01515849094	0.01537907444	0.0153688129
	0.0151968065	0.01329682749	0.01259974818	0.01212496201	0.01268862024
	0.01206978148	0.01190365478	0.01162130054	0.01484871281	0.0144353511
	0.01435356966	0.01384597781	0.01490029385	0.0138016256	0.01311031646
	0.01540575159	0.01526259545	0.01514853192	0.01540440219	0.01523416114
	0.01498038889	0.0151251221	0.01529558533	0.01492869955	0.01529658185
	0.01516089318	0.01507380544	0.08306714813	0.09418890956	0.08629616236
	0.09036506253	0.08036163586	0.08620961481	0.07955413986	0.07365994084
	0.149803714	0.1436170033	0.1352901528	0.1408601841	0.1229837768
	0.1317777537	0.124980199	0.1454000266	0.1429475006	0.1137432502
	0.1203090244	0.1198872161	0.1049975481	0.1076541701	0.1281612798
	0.1138975993	0.09731639954	0.1099867114	0.1018782975	0.1043172235
	0.07451014483	0.06191532436	0.06809947792	0.06868273421	0.06304161464
	0.04907109835	0.05589440219	0.05761813598	0.05298915502	0.03826483769
	0.03923382974	0.04249968225	0.03523228409	0.04328443243	0.03441655959
	0.04685118568	0.015078315	0.02084261093	0.01861112222	0.01734298888
	0.02270546252	0.01845722733	0.01635386001	0.01917800856	0.016726944
	0.02470162491	0.02858612733	0.03144794085	0.027209406	0.03919237895
	0.03216694329	0.03534673026	0.03856252953	0.03546149089	0.1640873459
	0.3588972062	0.1852351238	0.1711381705	0.2927438685	0.3094813231
	0.2291492494	0.274041385	0.3735037439	0.427039703	0.2790284956
	0.2682153871	0.287265689	0.3380338334	0.347424014	0.2580330116
	0.3501911397	0.2591763271	0.2357259573	0.09219371202	0.08220021476
	0.05072496414	0.06121316441	0.1162715627	0.1634694667	0.197513616
	0.1244825756	0.1585019225	0.196895769	0.2287400548	0.03442602469
	0.07361504822	0.0420286306	0.07185932806	0.06266386194	0.06888740705
	0.03626526972	0.1143001842	0.3628780245	0.1667524208	0.1115361352
	0.1700913268	0.2396147871	0.2395940268	0.1384516597	0.2022787105
	0.3924102828	0.3109735736	0.3126657469	0.2848575903	0.3142856417
	0.2322978762	0.2353403644	0.2465523985	0.2866666131	0.263833456
	0.2592702208	0.2501067911	0.2550647552	0.2367290086	0.2429707527
	0.2365034378	0.2494743523	0.2375361052	0.2451995755	0.2263199124
	0.231942386	0.221921403	0.2288467814	0.2208069835	0.2231569256
	0.22820675	0.2171323847	0.2236487864	0.2193572235	0.2299111101
	0.2265001767	0.2221818735	0.2132818642	0.2154064739	0.2010452675
	0.2152001278	0.2112627069	0.2030705876	0.2046211869	0.2155541728
	0.2052921973	0.2137708226	0.2469119213	0.238445147	0.2279571726
	0.2323344515	0.2380440073	0.2278008983	0.2231241786	0.2230027334
	0.2170127604	0.211510252	0.2188158103	0.2156532314	0.1930198922
	0.1818186843	0.1823841094	0.190944378	0.188891545	0.1523040694
	0.1675155224	0.1603102086	0.1600864834	0.1513153834	0.1677491323
	0.1772907533	0.1795877866	0.1745711161	0.1843358552	0.157264376
	0.1433776092	0.1491490584	0.1493531122	0.0122339066	0.01307577442
	0.01255769471	0.01307745177	0.01236675552	0.01515061692	0.01549775544
	0.01395058427	0.01425175439	0.01439663187	0.01454484875	0.01400816113
	0.01416098557	0.01450651909	0.01433550785	0.01486095947	0.0147135002
	0.01462098353	0.01473846979	0.0141546168	0.01428073188	0.01250283085
	0.01255742197	0.01313328458	0.01276076813	0.01367819696	0.01373130589
	0.01319347187	0.01460776414	0.01498024986	0.01461034027	0.0147675839
	0.01500371467	0.01497427645	0.01465693896	0.01405501091	0.01435159881
	0.01446519449	0.01400479955	0.09894621493	0.09255989667	0.09237995007
	0.08618788342	0.08007145257	0.08580346635	0.07375552831	0.07873052187
	0.143436463	0.1348786508	0.1376053586	0.1262143252	0.1310472354
	0.1348228557	0.1375887378	0.1314182614	0.1176953992	0.1223138094
	0.1112819694	0.1162595664	0.1091630438	0.1047799147	0.1022226106
	0.09769872649	0.07252724355	0.06692314488	0.0678730467	0.06212556972
	0.0630542712	0.05809689054	0.04656286587	0.04220114208	0.05225776078
	0.05424120271	0.05009509317	0.0578635296	0.04322543039	0.04902494088
	0.04586406979	0.01802350505	0.01694244802	0.0184591273	0.01631379573
	0.0194915547	0.02595003438	0.02132483167	0.02132893994	0.02257534849
	0.0227506036	0.02427092906	0.02024809685	0.02997340917	0.02929689247
	0.03217902569	0.02713050033	0.04397979679	0.03829012876	0.040845357
	0.03556837658	0.03768112299	0.03218227816	0.03476315307	0.4413766493
	0.459327963	0.4717839623	0.4689552727	0.4031915158	0.4870647441
	0.4065550661	0.4357033059	0.407145635	0.4757984884	0.4722341834
	0.3438394334	0.3130308574	0.3544135822	0.326512365	0.28724249
	0.2586168069	0.2344707027	0.2751547687	0.3005670643	0.112638654
	0.1585362267	0.1120996418	0.1767754433	0.2002956394	0.2506542443
	0.2206218859	0.1892092871	0.1647872811	0.1957911543	0.1200152376
	0.5097194712	0.2220508747	0.2623622229	0.3045610224	0.251962284
	0.4571028861	0.3057160073	0.3874079054	0.4704043085	0.4033981478
	0.3475886504	0.5239465636	0.2907885889	0.3472750773	0.3159982422
	0.3165321943	0.3456296478	0.3756841918	0.4799191608	0.4247032722
	0.3765242386	0.3856992821	0.4129646418	0.2912937573	0.2717610417
	0.2470508474	0.2642021986	0.2624495127	0.2682767199	0.2564154916
	0.2922010192	0.209056433	0.2030858886	0.2131576764	0.2070848117
	0.1976191809	0.1949240723	0.1973773043	0.2039789395	0.2064551544
	0.1952977614	0.2052934177	0.1911902538	0.1882344029	0.183328775
	0.1797071623	0.1821637843	0.1938484198	0.1864999449	0.2527918229
	0.2365401133	0.2257823617	0.236185405	0.2240890174	0.2170759232
	0.2092447657	0.2146387657	0.206765398	0.1988802576	0.1936402305
	0.1972768828	0.2028318873	0.1720500715	0.1628092905	0.1734173042
	0.1559488185	0.1722842489	0.1637101894	0.173295833	0.1644250298
	0.1637957129	0.1607332691	0.1697016326	0.1415209253	0.1389828025
	0.1516890317	0.1472760495	0.0146749027	0.01270595326	0.0130703434
	0.01293729146	0.01269579603	0.01333161355	0.01430834979	0.01374081095
	0.01520927192	0.01667522668	0.01582058526	0.01721744682	0.01374995747
	0.0132712722	0.01359273516	0.01309922693	0.01424115557	0.01357697011
	0.01391235574	0.01342908992	0.01407909031	0.01379536988	0.01369866552
	0.01420347998	0.01358977952	0.01281637094	0.01290546878	0.01360606076
	0.01287258936	0.01318829095	0.0131396301	0.01418855841	0.0137533464
	0.01391404786	0.01360129426	0.01331024144	0.01312564617	0.01356756624
	0.01282845593	0.07064227649	0.09087549871	0.08346693393	0.0872446564
	0.09504369496	0.07658259589	0.07361482959	0.08019923233	0.1337954698
	0.1247195265	0.1307583688	0.1252378667	0.1290677006	0.1210223008
	0.1187700414	0.1228495601	0.1145537592	0.1052493031	0.1073329074
	0.1124306769	0.09050009815	0.1004630605	0.09839393788	0.09299143165
	0.06117056864	0.06288232031	0.06051007886	0.06801511635	0.06521609044
	0.05189733508	0.05687701185	0.05688687498	0.05194707806	0.04772101312
	0.04285840876	0.04703543831	0.04083753176	0.01880948173	0.01799334963
	0.0199901293	0.02030963817	0.02141257078	0.0252545774	0.02772688738
	0.02198764376	0.02354544161	0.02348097792	0.02526407549	0.02993483746
	0.02918571751	0.02712938205	0.03289457417	0.03762281457	0.03580535075
	0.03159341244	0.03353512689	0.4950380381	0.4766370017	0.4982378664
	0.5156226921	0.4569198765	0.4627719157	0.4305468583	0.5309075485
	0.5503957563	0.5512449061	0.5292451978	0.5698226544	0.3962074062
	0.3686340639	0.4635613972	0.4545006674	0.4062973311	0.260258349
	0.3424746917	0.3046472768	0.3205861264	0.3362528479	0.3588086134
	0.2951355315	0.2477790211	0.3815423966	0.3250959382	0.2756613442
	0.3231445755	0.3273627634	0.2769386984	0.3594113322	0.5748914493
	0.5620315376	0.5786589104	0.5312094678	0.378741121	0.4312559313
	0.4640823993	0.4070643636	0.5490232129	0.4770834311	0.5046773502
	0.508592944	0.5082639628	0.584950468	0.5712691938	0.5179859942
	0.5765757578	0.5681357569	0.5577111996	0.520321695	0.5120026731
	0.4747923735	0.485686804	0.4101978783	0.3141642715	0.3252801239
	0.3091304856	0.3436613537	0.3535564369	0.3841502045	0.3743351379
	0.4479181776	0.4200091568	0.4420275698	0.3015441426	0.2703684248
	0.2714501055	0.2529822855	0.2837736013	0.3156867648	0.2865907186
	0.4626910052	0.296567509	0.1872097424	0.188519235	0.1816028565
	0.1785657058	0.1773578719	0.1918093742	0.1850353293	0.170577818
	0.1634996633	0.1629462071	0.1554646417	0.1712678117	0.2225706074
	0.2274380086	0.2496700529	0.2190680513	0.234810274	0.2082159232
	0.2117701328	0.2031013809	0.1997437453	0.1892645937	0.1772295179
	0.1954945012	0.1835486165	0.1781703153	0.1915976186	0.1845230819
	0.1546485018	0.1439882983	0.1446020733	0.147425405	0.1540293618
	0.1542682906	0.14439068	0.1267311454	0.135259876	0.13513568
	0.1270349146	0.01591202379	0.01428649828	0.01349349058	0.0129848296
	0.01532546256	0.01472107622	0.01307302592	0.01373600373	0.01646521283
	0.01898476554	0.01730345627	0.01783194052	0.01932334181	0.01321200357
	0.01260315812	0.01294683274	0.01251492675	0.01277130954	0.01308747779
	0.0123544219	0.01204606484	0.01262841162	0.01286122966	0.01273836747
	0.01332726131	0.01319026087	0.01279952387	0.01329395237	0.01325188305
	0.01284368844	0.01291572918	0.01282034021	0.01275184545	0.01305053482
	0.0129440172	0.01262292627	0.01258960973	0.01274742563	0.01256122229
	0.08571367549	0.06500958016	0.07037159497	0.08317927268	0.07646273778
	0.077908413	0.07190630818	0.06646939475	0.1194793067	0.1075152346
	0.1184992779	0.112706498	0.1089696041	0.1081803515	0.1173866411
	0.1152308251	0.09436383488	0.09521949382	0.1012433701	0.1014863464
	0.08887252219	0.07986510476	0.08762725355	0.08269814546	0.05628810288
	0.05851139191	0.0523447766	0.05180009192	0.06029461061	0.0542367024
	0.06110502866	0.0551365149	0.03494484124	0.04309460816	0.04351890766
	0.04846524057	0.04757636596	0.03982699557	0.03913051222	0.03649247478
	0.02227951922	0.02077930815	0.02662853781	0.02262382906	0.02421465826
	0.02064379435	0.02485203709	0.03297147594	0.02993876631	0.02556961705
	0.02826892936	0.02731556045	0.03046168223	0.03152040023	0.0286494377
	0.483420006	0.4360529131	0.4507985594	0.5089523587	0.4028435898
	0.4008965917	0.3799344952	0.4774932318	0.5006404542	0.5352825909
	0.549950578	0.5613990095	0.5167540185	0.5518379759	0.5801737653
	0.5089463135	0.4648084623	0.585267002	0.5285019285	0.4196185094
	0.4845900318	0.3986631153	0.4446594404	0.3569329133	0.3704809063
	0.413260354	0.391242593	0.3786065078	0.4270203515	0.4180360464
	0.4776056232	0.444334464	0.4852813677	0.4261334914	0.5232162308
	0.5786104901	0.5202473891	0.5731150647	0.5583449368	0.5770671826
	0.5650469809	0.6038085891	0.6222055313	0.6536453269	0.637991702
	0.6943451477	0.6141359875	0.7011413606	0.677120261	0.6802748034
	0.5738394747	0.6437727106	0.5565529625	0.6171664134	0.5310063539
	0.5150846213	0.446706506	0.4659818157	0.5149107275	0.4503000016
	0.4964515855	0.4275788422	0.3894211887	0.3297754002	0.3600180733
	0.331012142	0.3590851311	0.3084641312	0.3771876408	0.4144641671
	0.4088985377	0.2413414422	0.2516090065	0.2764747848	0.2656076214
	0.3980168056	0.3630120387	0.4011479263	0.3626311214	0.2862722151
	0.2607539509	0.3068297767	0.2716217974	0.1494434936	0.1383623297
	0.1424895757	0.135422413	0.1415917157	0.1640679663	0.1622443209
	0.1712158473	0.1499845663	0.1708277536	0.1568724134	0.1550945024
	0.2278778429	0.2040484784	0.2082556061	0.1999351524	0.2112867553
	0.2189829533	0.1954406313	0.1875366769	0.1800663274	0.1933164247
	0.1851559931	0.1637557255	0.1730267918	0.1773808119	0.1670349607
	0.1319862474	0.1255844555	0.1273159554	0.13483088	0.1137303794
	0.1188584349	0.1125455244	0.1199244166	0.01689444873	0.01612758326
	0.01476425173	0.0143420253	0.01516285166	0.01342539655	0.01574733675
	0.01388609715	0.01715978232	0.01925665107	0.01810628593	0.01812389411
	0.01902418262	0.02025867298	0.02182414488	0.02037407794	0.01180232381
	0.0108861533	0.01150091221	0.01129672885	0.01376147255	0.01380431237
	0.01238727571	0.01205620252	0.01245174431	0.01234384914	0.01221755995
	0.01156124627	0.01207632581	0.01161570238	0.01171708038	0.0119373847
	0.01228935066	0.01306569476	0.0120271159	0.01299227144	0.0124634813
	0.01254498106	0.01234017257	0.01213774672	0.01069226521	0.01029606099
	0.01013957392	0.009649263903	0.05598566766	0.06165544532	0.07299676778
	0.07583764695	0.05738803157	0.06902248256	0.06378358675	0.06681354242
	0.1076173383	0.1041332274	0.1069493223	0.1005272415	0.1003185342
	0.08374057421	0.08957122066	0.08610189784	0.09489995363	0.09079122405
	0.09712857813	0.07451637427	0.08096006798	0.0783377392	0.07147254797
	0.1005026782	0.05007324944	0.04892857206	0.04472255678	0.04426705866
	0.04710611921	0.05100659707	0.04584064596	0.05256503236	0.03428461617
	0.03374506358	0.03166407802	0.03626215957	0.04019169677	0.04085919969
	0.03709407145	0.02155347418	0.02343287117	0.02491813778	0.02311765734
	0.02946240869	0.02634650131	0.03131116026	0.02431713164	0.02777225337
	0.02788945385	0.0263887752	0.3887236959	0.4193748423	0.4437756474
	0.387073031	0.4051620472	0.4113519508	0.4248567213	0.4405926995
	0.5110561154	0.483646186	0.4721869341	0.5651549342	0.544241558
	0.5483394808	0.5185955654	0.5610220463	0.6461422098	0.5020817541
	0.6011624747	0.5458427567	0.4675673023	0.555689015	0.4554874253
	0.5089160581	0.4925183115	0.4597486201	0.5163334541	0.5340204397
	0.5528930606	0.5235451021	0.6958316462	0.7675945948	0.5728897813
	0.571815768	0.571726973	0.5881869326	0.6014035065	0.7307772513
	0.7399046124	0.8006496833	0.7939203575	0.7039739643	0.7458798819
	0.7881130778	0.7323022624	0.5824862745	0.6679481195	0.6256032938
	0.7039405448	0.5379742157	0.4495611569	0.4938597451	0.4282446541
	0.4706223187	0.382133293	0.3479577475	0.3656360608	0.4009186921
	0.3278722395	0.2910340417	0.3293911866	0.2968479653	0.2368250596
	0.2163136764	0.2271261552	0.2468557463	0.2972376705	0.3118697863
	0.3280158828	0.2567058706	0.2362201923	0.261820516	0.2069772254
	0.1393164458	0.1490090433	0.1367617315	0.1435653333	0.1239461241
	0.1253421859	0.1298491421	0.1326991427	0.1449057618	0.1575662521
	0.1543926266	0.1492156303	0.179968586	0.1732088289	0.1897493931
	0.197213778	0.1824908632	0.1527050434	0.161039383	0.1901953672
	0.1714683416	0.1624116194	0.1001222617	0.1130475977	0.1180666627
	0.1065038214	0.112212879	0.1076788329	0.1197640391	0.01541067379
	0.01630228361	0.01458898488	0.01516454074	0.01416410068	0.0159467783
	0.0171002816	0.01740950747	0.01891812994	0.01786764184	0.01657753901
	0.02127394497	0.0182791944	0.01944161515	0.01998627361	0.01458168995
	0.01107735556	0.01060900699	0.01115721633	0.01051209479	0.01382905006
	0.01343789722	0.01247441469	0.01309538459	0.01256331602	0.0130179635
	0.01370598052	0.01284483722	0.0106913951	0.01167590811	0.01096388555
	0.01146041041	0.011188319	0.01128118699	0.01174183086	0.01200613747
	0.01143328426	0.01196975328	0.009990600266	0.009453719734	0.01010723915
	0.009498354045	0.00903692517	0.008386895383	0.008977158505	0.1016420229
	0.04855599762	0.06859938994	0.05931098999	0.06091638404	0.05555245153
	0.05390721384	0.04947320138	0.0657287531	0.08878691388	0.09447451892
	0.08710486667	0.09445758998	0.06334875847	0.08320969013	0.07010512307
	0.07703354309	0.07136425346	0.07525648592	0.08203022577	0.09448297136
	0.08750000933	0.09520294811	0.08949311395	0.08317498241	0.04491651344
	0.04137840275	0.04273181409	0.03816669836	0.03694891509	0.04388660528
	0.03934319323	0.0405047855	0.03118113655	0.03441169774	0.02936291938
	0.03316457186	0.02203646545	0.02438237688	0.02052898189	0.02260337973
	0.02622477921	0.02357104139	0.02783870629	0.02506636052	0.4759127859
	0.4722104038	0.4456509873	0.4861327161	0.4948208697	0.4806688293
	0.5143870639	0.4387313034	0.5348757118	0.5281742484	0.5218027775
	0.615653907	0.5712768899	0.6275089759	0.5858221345	0.547260519
	0.5902301758	0.5770250649	0.7277995086	0.6504931628	0.6048684426
	0.595440909	0.6826779673	0.5527191306	0.5671650993	0.6315154804
	0.626930667	0.822226809	0.8714423127	0.8893018789	0.8401833947
	0.8368143262	0.80210148	0.8344392455	0.8557894382	0.7613952434
	0.6669923722	0.6286284855	0.6636947238	0.7135176238	0.7404038662
	0.6885269985	0.674688434	0.7364991413	0.7948615113	0.8186109364
	0.8672700191	0.8962802446	0.8843329835	0.8338989666	0.7576038689
	0.6608233342	0.6557417931	0.5739827332	0.5110557722	0.739514716
	0.5780791575	0.5083960638	0.4067273544	0.444911252	0.426524157
	0.3893404977	0.362258209	0.3307470588	0.3141946707	0.3482314068
	0.2956074958	0.2811864162	0.2663067958	0.2169625583	0.2563259432
	0.2824668668	0.2407531225	0.2409029465	0.2177415661	0.1996406001
	0.2007233893	0.1829723098	0.1732872448	0.1664749302	0.1767836378
	0.1229594655	0.1149795321	0.1355572611	0.1284527043	0.1214409964
	0.1399796817	0.1297695071	0.1444749407	0.1342313735	0.1407460113
	0.1538952882	0.1500184561	0.1574190533	0.1637924033	0.1605508859
	0.1020479881	0.1047279413	0.1166620158	0.110110519	0.1088076498
	0.01547544509	0.0146152154	0.01489664312	0.01617863141	0.02001327671
	0.01825458834	0.01631762382	0.01682172086	0.01875988641	0.01539174925
	0.01779088427	0.01710715047	0.01381941038	0.0130597784	0.01403680115
	0.01308180572	0.01241407724	0.01053439018	0.01020448939	0.009928498689
	0.009586521741	0.01143253446	0.01235275315	0.01203711419	0.01142440626
	0.01223989075	0.01156303244	0.01169312108	0.01094080659	0.0103527268
	0.01087119982	0.00932110628	0.008962811971	0.008820806655	0.008334734139
	0.008309007429	0.007771951747	0.007136507051	0.007711119159	0.09253912881
	0.09018291202	0.09845427956	0.09578188114	0.04136528969	0.0446638365
	0.04567062134	0.05090684915	0.04040084592	0.05548681944	0.06266157012
	0.05693786906	0.04952103113	0.07758045505	0.07237040584	0.08098253492
	0.0747454907	0.06064548467	0.06893361862	0.06707545639	0.08734140307
	0.08497500203	0.0794752343	0.0805820932	0.07440161677	0.0696511697
	0.06877594815	0.07559548925	0.02639795848	0.03292094608	0.0375157447
	0.03543228828	0.03008296099	0.03218945622	0.02773708736	0.03681490181
	0.03371948045	0.03657802146	0.02935181258	0.02132409865	0.02259103881
	0.01934721384	0.0200149065	0.02101897628	0.02281447595	0.02505872772
	0.02386950809	0.03315187268	0.5686787754	0.55148444	0.5889491446
	0.6043325987	0.5381764879	0.5761863225	0.561532502	0.5291826874
	0.5256194737	0.5839851268	0.5928836872	0.5894315969	0.6285752736
	0.6014907824	0.6284174966	0.6711374157	0.6428477065	0.6936501169
	0.7001720825	0.7117643446	0.6504829876	0.6594479768	0.7248937736
	0.7705027545	0.7074433429	0.7574763387	0.8172151042	0.786309981
	0.9600838809	0.8765410535	0.9725226732	0.9244384521	0.9608966546
	0.8993956107	0.9359195379	0.9299596713	0.8523209594	0.8807858776
	0.9492118146	0.7820735838	0.8403673654	0.7857861914	0.8511008548
	0.8530950771	0.8243660364	0.7863187946	0.9488109226	0.9003056426
	0.8380165242	0.9026649842	0.9089263474	0.8100425996	0.821791441
	0.8346942167	0.7911110901	0.8767930545	0.9040258015	0.8443432367
	0.6715518392	0.7711380191	0.6968862704	0.7569428315	0.5642744508
	0.5949497925	0.5273187744	0.484647687	0.452195793	0.3017980657
	0.4061766977	0.3335288719	0.373251447	0.3183422433	0.3893186266
	0.3536901814	0.2930785524	0.2669423401	0.243585034	0.2357175893
	0.2605728686	0.1699254318	0.2170576335	0.211597206	0.1934668559
	0.1919695413	0.1578154249	0.1706370194	0.148458899	0.1510676729
	0.1438614718	0.1399013883	0.1307623646	0.1175008878	0.1211631846
	0.1243811487	0.1271281551	0.1332374254	0.1370584737	0.1458376656
	0.1375779236	0.1570180692	0.140737794	0.09489135491	0.1003404403
	0.1058882873	0.1145932121	0.1051091388	0.1009135857	0.1110214594
	0.01321364793	0.01492331877	0.01292243252	0.01367389981	0.01415066334
	0.01812722599	0.01521858241	0.01761447698	0.01661573424	0.01566018341
	0.01425983256	0.01604256143	0.01642335918	0.01232660249	0.01213658223
	0.01138117953	0.01171071021	0.01115897981	0.0110578485	0.00924613534
	0.009767616158	0.009764813662	0.01098860855	0.01028493216	0.01081067954
	0.01025228806	0.01031763786	0.01084973718	0.008220079593	0.009224775052
	0.008143356493	0.008556966961	0.008748759191	0.007718386698	0.007642429977
	0.007079212	0.007065017679	0.006551728889	0.005927717687	0.006473173461
	0.0853039066	0.09447877472	0.08258357502	0.08932583357	0.03948818285
	0.03593595081	0.03180350824	0.03350976661	0.04158837971	0.03658239796
	0.0433945939	0.0482851455	0.05379809254	0.0651625152	0.05691657376
	0.06458969538	0.0591904763	0.04602709698	0.05203628356	0.06972779226
	0.07645035227	0.07911162105	0.07043311692	0.05637695559	0.06455427339
	0.05641344556	0.06370628123	0.02452882587	0.02632220431	0.0261443904
	0.02940604558	0.02378102235	0.02820932001	0.03047097793	0.01860062426
	0.02008577124	0.01859700057	0.01659173463	0.02002459288	0.02234497024
	0.0217131371	0.0254023937	0.02970614802	0.02539148227	0.02826062082
	0.01649857255	0.6398795087	0.6559491449	0.6227102359	0.6710747433
	0.660706017	0.6925651138	0.6564136586	0.6184459394	0.6850606427
	0.6713794092	0.6408319332	0.7021267109	0.7330470331	0.7137893429
	0.6922776787	0.7371152485	0.7532341827	0.8060302945	0.791085538
	0.7449925112	0.7794615686	0.754240871	0.9612908519	0.8346517555
	0.8766578334	0.8850555435	0.8506989496	0.913562146	0.9935709676
	0.9893398494	0.8957677676	0.9556554039	0.9751163038	0.9043276851
	0.9587118666	0.9086942315	0.9654528221	0.9416200076	  1
	0.8918566943	0.8262579622	0.8001759077	0.7966085858	0.8811664967
	0.7335492121	0.5528597503	0.5970947332	0.6436243858	0.7392009958
	0.6604353668	0.6734208695	0.7463362371	0.7237025821	0.6185975843
	0.6759967529	0.5344485426	0.4286330955	0.4595867493	0.4874108135
	0.4044938885	0.3705483419	0.3554457998	0.3263733596	0.3392263127
	0.2807884331	0.2531027221	0.2310595275	0.2393604441	0.2658940052
	0.3027104265	0.2943521924	0.1517848362	0.1667515307	0.2057186163
	0.1864185193	0.1689389333	0.1841642821	0.2188760242	0.1974342346
	0.1191850439	0.1137206466	0.1295053265	0.132875615	0.1083149583
	0.1178663888	0.1236536336	0.1358647019	0.1223816549	0.1288166037
	0.1507401289	0.08995348065	0.1047024899	0.09955876528	0.09380485558
	1.099342536e-067	5.468778015e-009	1.915251224e-009	3.976574309e-069	0.01380740114
	0.01181289342	0.01228240803	0.01157571195	0.01113555071	0.01301251762
	0.01242406471	0.01076670341	0.01501351363	0.01460033417	0.01476455365
	0.01292713963	0.01289078818	0.0129135361	0.01482499979	0.01314185818
	0.01011120007	0.01051799667	0.009502857564	0.01023983571	0.009137954165
	0.009135675844	0.01011910136	0.009831597757	0.00898419545	0.008769470103
	0.009215808063	0.009665071043	0.007577242641	0.008333290645	0.007499558232
	0.007953814246	0.008196508806	0.007011633881	0.007176083857	0.005973255481
	0.006489774193	0.006628458544	0.005860262223	0.007383043788	0.005360713611
	0.004792469226	0.005381894775	0.08151759083	0.07513831846	0.07269206418
	0.08512840176	0.02659866746	0.0268671502	0.0303169019	0.0311419269
	0.03516871967	0.03970756927	0.05022882632	0.04458300275	0.04173119
	0.05005823031	0.03744820317	0.03406113298	0.04193189446	0.05678010701
	0.06508273233	0.06741308394	0.05709153802	0.05014214085	0.05019327114
	0.04333738834	0.01667055199	0.02293934853	0.02288872133	0.01801295969
	0.01844629846	0.0205171682	0.01995776473	0.01991541918	0.02286740404
	0.02038208771	0.02316985838	0.01511563071	0.01625240762	0.01386623993
	0.01322150818	0.6869340576	0.7130193259	0.7030289477	0.7210577622
	0.7179528178	0.7526898309	0.7236568881	0.7398777571	0.7136466281
	0.7391097936	0.7227230791	0.7692958833	0.771805653	0.8018673647
	0.790268819	0.8168211378	0.8294249434	0.8613838757	0.8607210938
	0.8077366108	0.6628533941	0.8126159087	0.8907906598	0.775836394
	0.6657390456	0.8915343732	0.8972716626	0.9041246045	0.9094937121
	0.9319329805	0.8289664963	0.9582515576	0.9997150731	0.9224446652
	0.9002901951	0.9421698405	0.9621484313	0.97830095	0.8800956091
	0.9777143756	0.7885396946	0.6566985503	0.7043416819	0.6137135968
	0.6175796905	0.6956576776	0.7089689973	0.5978547871	0.588755122
	0.5460276043	0.5986146582	0.5660157623	0.5167091635	0.4970288195
	0.5323288446	0.4974115955	0.5631324009	0.4580879911	0.3957672987
	0.4392099856	0.3948509323	0.3804803984	0.4289306426	0.3518022558
	0.3358244772	0.2973738287	0.3163936679	0.3161179561	0.2839614085
	0.2269108907	0.2609825645	0.2533302913	0.2721888644	0.2272164285
	0.2051904912	0.2071744876	0.1622872291	0.1514757791	0.1837715989
	0.1747053425	0.164389116	0.1761867997	0.1428433135	0.1028607264
	0.09851588634	0.1160409803	0.1098234224	0.1222426985	0.108615805
	0.1157864392	0.1315203598	0.07821918726	0.08245684734	0.09274266986
	0.08857144697	8.703656894e-068	7.500015536e-009	4.74940165e-009	4.238914365e-067
	1.222813231e-008	1.343581843e-008	9.608598463e-009	5.892417687e-009	9.732832963e-009
	8.33024685e-009	5.112947037e-009	2.086721118e-009	1.948360906e-009	1.323414336e-067
	1.090837793e-066	0.01219028969	0.01142951617	0.01148357079	0.01087976314
	0.01001632273	0.00953523278	0.01030851304	0.0092628344	0.00857534798
	0.009940158139	0.009903554808	0.0116673218	0.009836796296	0.01053001867
	0.0113329211	0.01152082478	0.007461528617	0.007644385963	0.008542685562
	0.008362659801	0.008541564451	0.007404766896	0.007975866287	0.007219820821
	0.008303362664	0.007254121556	0.007633057432	0.006585523492	0.006122914809
	0.006006002569	0.005381500352	0.006585769293	0.006758268573	0.005873151577
	0.004798853043	0.005507145823	0.006725099975	0.005933750588	0.004246363291
	0.004702623059	0.003752567938	0.004066394443	0.06944542976	0.05988057491
	0.07324974001	0.05861403252	0.03648952311	0.02334464202	0.02529862332
	0.02615942069	0.02271019797	0.03213094074	0.02054708086	0.02938091585
	0.02754408914	0.03024811367	0.03516396657	0.03879456171	0.0340601876
	0.03759850744	0.03128294968	0.04315852137	0.0509087187	0.0497310334
	0.01537179715	0.01747004097	0.01483139349	0.01790459325	0.02006961371
	0.01562522376	0.01823007545	0.01688711953	0.0131526756	0.01096975628
	0.0109190247	0.01270352611	4.558826823e-009	9.421032232e-009	1.587809118e-008
	2.002695519e-008	0.7053521968	0.6858216893	0.7174515317	0.7010688471
	0.6790551859	0.6704821541	0.7144328231	0.8195726593	0.6876984253
	0.7366036334	0.6835956392	0.7008363481	0.7637480512	0.7973950879
	0.7533780153	0.7249609525	0.7391688423	0.8464304111	0.7694766086
	0.823993212	0.5694000268	0.4352894906	0.4647495244	0.5011616461
	0.5249933528	0.6302984465	0.5328956679	0.5961393082	0.401471021
	0.551578168	0.4959665776	0.4671713391	0.6157926857	0.6424062748
	0.6770710835	0.5263565969	0.5371706343	0.4174333034	0.5093802224
	0.8243349161	0.8068242166	0.7324011162	0.7110053622	0.6993979938
	0.5724344765	0.468595371	0.7159166827	0.8433941873	0.6137596495
	0.3674709627	0.4138253093	0.5252752056	0.4941198368	0.4052936175
	0.3746876835	0.4553339821	0.5160258444	0.4679259188	0.4339326508
	0.4658649857	0.4415772008	0.4171554005	0.3898647641	0.3501240987
	0.3266827786	0.3444094254	0.3748616235	0.3328964976	0.2934028735
	0.3052311319	0.3254364823	0.3750375371	0.3253371324	0.3506490154
	0.3084425707	0.3279452948	0.2954536415	0.2658968357	0.2876412907
	0.2817305831	0.2123808681	0.2433619543	0.2592346508	0.2299631153
	0.2235900737	0.2532493257	0.1975397532	0.190714521	0.1550554384
	0.1615516695	0.1665724643	0.139450101	0.1242899863	0.1314642109
	0.1455696298	0.08590200843	0.09656010244	0.1034354158	0.1179055193
	0.09909261275	0.1097576459	0.09368602639	0.06291743706	0.06885946328
	0.07674562596	0.08373524944	1.44540458e-065	4.417967066e-006	1.573983099e-065
	2.859979094e-006	1.517634249e-006	8.147910478e-066	1.06254885e-065	9.522443433e-007
	4.377844686e-009	3.098241098e-009	5.113119897e-009	4.59499473e-009	1.275509315e-008
	4.985687091e-009	1.351771379e-008	1.610455352e-008	3.557492072e-009	1.575763855e-066
	1.301811949e-008	1.280831036e-008	4.34553754e-009	4.014423121e-067	2.431079028e-008
	3.887016589e-005	2.235566189e-005	2.002872969e-005	1.846824447e-005	0.006839809223
	0.009479069664	0.009044516063	0.009530283195	0.008114639608	0.008660527945
	0.006030689009	0.006944910767	0.008724468578	0.007321910234	0.007774925879
	0.006541208833	0.007219754711	0.008556307141	0.007726577068	0.002772355138
	0.002937651468	0.003534892804	0.003212690247	0.006612430116	0.005692954906
	0.006695560978	0.005961872816	0.005641033786	0.005973393427	0.006439634216
	0.00539187435	0.004844839988	0.004837644617	0.005421433475	0.004515497062
	0.005466145345	0.005037308527	0.005235211882	0.003904007743	0.003645577169
	0.003259556946	0.004202855722	0.005076212496	0.008098077604	0.04326973571
	0.05674863261	0.03983591367	0.051803155	0.0184472901	0.02126042942
	0.02625263	0.02199406984	0.02410790267	0.01962794771	0.02852385654
	0.02564822397	0.03361381635	0.03088298557	0.02314390492	0.01356098418
	0.01219523655	0.01296400009	0.01563885636	0.01459844055	0.01123743285
	0.01658503708	0.008250441196	0.007742477111	0.009434546366	0.01016770684
	1.330333976e-008	1.268164797e-008	1.06987457e-008	2.985982628e-009	5.944259353e-009
	1.803035068e-008	2.084454627e-008	2.701324217e-008	1.721903572e-008	0.4960771386
	0.6069770829	0.5083159117	0.6419603051	0.3737685165	0.3967297342
	0.2221928844	0.2219794766	0.5825491424	0.5598129481	0.446613952
	0.4753003244	0.6296000715	0.7019050283	0.6415308093	0.509890074
	0.5602838803	0.4270150876	0.4174920143	0.4273435932	0.5400953225
	0.5839131997	0.4770646119	0.4495731426	0.5385391999	0.5256806553
	0.3870824814	0.4058768723	0.4260993973	0.3645399517	0.3770295977
	0.3593636653	0.4340687761	0.43808283	0.3671714788	0.2994550692
	0.2746050441	0.307960504	0.3149267691	0.3102383537	0.372250442
	0.2664515764	0.2648167996	0.3169028755	0.3870806881	0.4053246263
	0.3984738529	0.3077164405	0.2970542969	0.3519253052	0.3387409844
	0.4287964993	0.2763294606	0.2677458066	0.5116181035	0.3578228118
	0.3640764073	0.2027568496	0.1570734383	0.3002559829	0.3656183034
	0.3080144147	0.3325281344	0.3424713516	0.3383426334	0.3892958232
	0.2841775105	0.2751357254	0.2511835392	0.2611064264	0.2738686525
	0.245012083	0.2646081609	0.2441259142	0.3007899029	0.2880638407
	0.2559201532	0.2661949839	0.2926891182	0.2334587374	0.2706747597
	0.261370209	0.2402776113	0.2503985654	0.2245032632	0.2116146642
	0.2308372681	0.2313321929	0.2400073812	0.2294919301	0.2175969364
	0.2050014136	0.1845196993	0.200572479	0.1818858763	0.1460458074
	0.1668684272	0.1423520486	0.156352954	0.1194770981	0.1122612515
	0.1068591206	0.1333726732	0.1238927081	0.08981152913	0.07402043417
	0.08013317219	0.09771467562	0.05089690922	0.06665639698	0.04660049684
	0.06082255749	5.059657463e-006	7.219279724e-006	5.148649995e-006	9.237561533e-006
	1.003718739e-066	2.297278531e-006	4.84660941e-066	8.433818911e-008	6.983502907e-007
	6.121563181e-007	5.897976113e-007	3.122815908e-008	8.969155076e-067	4.628294747e-009
	9.001990263e-009	2.578238004e-008	2.461473701e-066	4.370293074e-067	2.666341293e-008
	1.463980756e-008	6.125941817e-009	5.452871345e-009	7.289089035e-009	1.937508788e-008
	1.37739468e-008	1.219864166e-008	2.252902468e-008	2.789607775e-008	7.825330192e-009
	6.558828265e-006	6.406415247e-006	2.545713848e-005	2.584278072e-005	2.418452642e-005
	1.569742621e-005	3.060452124e-005	0.004475553117	0.005710245423	0.004725105618
	0.005259589378	0.005080658642	0.005706075388	0.006714881374	0.00540544697
	0.006989035568	0.006176144951	0.006583184786	0.001948553876	0.002472610876
	0.00235113862	0.003054138674	0.002726460791	0.002092679469	0.002539316971
	0.004040445462	0.002639257878	0.00274354127	0.004310804665	0.004728762439
	0.003828966938	0.003866758002	0.004860604478	0.004441346628	0.004568196572
	0.003290636752	0.004340026569	0.003731362401	0.003207226212	0.003946579728
	0.003331892263	0.003841876758	0.003494902679	0.005450182423	0.006407133317
	0.005460883647	0.006792700404	0.02779770835	0.03937850758	0.0286268959
	0.03616233049	0.01964601809	0.01373635895	0.01755036972	0.01564793537
	0.0134702782	0.02243374128	0.01750864206	0.01726410655	0.02154350897
	0.0070250718	0.008798529558	0.0108870854	0.008607835355	0.005696651104
	0.007187886807	0.01079284873	2.782162252e-008	2.03744325e-008	1.204378059e-008
	2.053353669e-008	2.739258411e-008	6.009608115e-008	7.842615862e-008	4.69668397e-008
	2.230384789e-008	3.24081663e-008	1.573620773e-008	8.175881467e-009	5.672658824e-008
	2.838493664e-008	1.274655398e-008	0.2097554573	0.3550944716	0.1755369038
	0.3063115912	0.126284977	0.09767553273	0.128262414	0.04407351844
	0.04370813782	0.1257288321	0.03902802877	0.261191452	0.1285200574
	0.1528853027	0.2449598373	0.3692785447	0.1680789438	0.302350125
	0.2979346448	0.1427128289	0.1192712009	0.2311813136	0.1268935802
	0.230040142	0.1309184085	0.2116496212	0.1243172065	0.1904919968
	0.09180378515	0.1143982091	0.06165374912	0.244588433	0.2676342055
	0.2981711365	0.2593343761	0.2204353843	0.207185526	0.2386549787
	0.2308184648	0.04962816933	0.1782721238	0.2180048456	0.2105546327
	0.2195034361	0.2102784788	0.1582637631	0.05140858917	0.1036784578
	0.139336583	0.1719286096	0.2104443643	0.1416581788	0.07761293818
	0.1985215352	0.08473063041	0.1196984309	0.09698997028	0.03292510164
	0.2420882714	0.2533249847	0.2805133971	0.2566147545	0.222148031
	0.2001907148	0.2043857946	0.2178962471	0.2271077258	0.2016513628
	0.2263373456	0.2232710502	0.2345682752	0.213990076	0.2060839321
	0.1887616919	0.03088620989	0.2115130911	0.1944695467	0.2135725113
	0.2067803834	0.1881914547	0.1931808257	0.1773260777	0.196928377
	0.1875332529	0.1776353635	0.1910930289	0.1549187338	0.1515590159
	0.1680379357	0.1393143147	0.1219970632	0.1691936273	0.1363857487
	0.1237179197	0.03061673433	0.03949190931	0.0556520391	0.0538574195
	0.08498798149	0.1074244662	0.1051215622	0.08746920853	0.08552404298
	0.07257975503	0.1088012267	0.1015646695	0.0703623019	0.04154150714
	2.03184915e-006	9.779126218e-006	2.550665227e-006	4.271366921e-006	2.430389256e-006
	1.444884476e-007	3.188434986e-008	2.38590959e-008	8.536306846e-007	3.805267392e-008
	1.092191122e-006	2.233748997e-008	2.029341962e-008	6.428407134e-008	5.015566887e-008
	1.803338835e-008	2.369493807e-008	6.573112342e-008	3.106852058e-008	1.675583145e-008
	2.641145268e-005	5.998219807e-005	9.018256919e-005	4.334054603e-005	1.000198043e-005
	1.3045247e-005	1.137229326e-005	2.997690441e-006	0.00467418408	0.004464938974
	0.003444278152	0.004217490535	0.003575597335	0.003743350785	0.003766869574
	0.004702691814	0.002938899468	0.0007350722138	0.002058874211	0.0009929557343
	0.0007789387865	0.001068999129	0.001337122265	0.001714680408	0.001426236041
	0.001501502167	0.002238078112	0.001747447413	0.002248104868	0.001839727552
	0.001777508416	0.002841229892	0.002677577473	0.002376660172	0.002256706893
	0.002021438746	0.002261493215	0.003187639168	0.002400926805	0.003043365875
	0.003693452154	0.004573263554	0.003373598273	0.004312690478	0.005582405924
	0.02315276274	0.01792655728	0.01622841154	0.02281243259	0.01215479414
	0.01400289578	0.01054589071	0.01100616844	0.009651895959	0.008429784201
	0.01421035263	0.01106270781	0.01302871702	0.01426712152	0.005198590104
	0.006816658136	0.006034047605	0.007736874608	1.411523518e-008	5.769964398e-008
	3.351987444e-008	4.91953229e-008	4.150210257e-008	3.923298133e-008	5.938155728e-008
	3.565061794e-008	5.760409173e-008	1.320100916e-008	4.770310212e-008	5.550962783e-008
	4.12316662e-008	6.697195183e-008	1.360313238e-008	0.06640110949	0.0439369674
	0.0100288658	0.02444479729	0.01359921908	0.01547159149	0.008177673293
	0.006953538909	0.01562849339	0.01604512886	0.008991751422	0.0140819081
	0.02656014923	0.02495563007	0.06385251629	0.01771696119	0.01509677965
	0.01366020571	0.01429009203	0.04061677016	0.01773588089	0.03075840754
	0.05446184662	0.02195910003	0.01907146043	0.01914647676	0.04055047666
	0.02412800691	0.01778144999	0.02028239754	0.02020558129	0.1717732879
	0.1631360703	0.1907295312	0.2002949232	0.1566137551	0.1824502858
	0.1799489021	0.156516579	0.02154432926	0.03541907967	0.0349387284
	0.0583840566	0.02383731495	0.1080873918	0.1157273972	0.1367270061
	0.1404350078	0.08538099047	0.05558376727	0.08881609111	0.02428164804
	0.02077891441	0.02064640416	0.1969149806	0.2088752719	0.194413148
	0.1841446081	0.1812853801	0.1726423742	0.1586683555	0.1599140387
	0.1398912923	0.1570696655	0.1722485691	0.1805557223	0.1712963378
	0.1615401002	0.1721887489	0.1528073117	0.1514241063	0.01692717098
	0.01615724263	0.02269565911	0.0283577899	0.0207625084	0.1755223943
	0.1728436655	0.1612589249	0.156148933	0.1598835842	0.1502789673
	0.1310355565	0.1143978588	0.1356335936	0.1394934026	0.1510976996
	0.1106330036	0.04978649186	0.04304803021	0.06176464183	0.06968998777
	0.08578405061	0.09639701584	0.03564980419	0.09230638831	0.02703202699
	0.06955652538	1.181278279e-007	4.875369678e-007	1.472370845e-006	2.879192848e-008
	2.835455324e-006	4.810723776e-006	5.770348254e-006	1.51845581e-006	6.358907339e-006
	5.334639327e-008	6.514967503e-008	6.313744754e-008	1.394203046e-007	4.86544718e-008
	5.539248928e-008	6.102218849e-008	1.125270143e-007	1.739656823e-005	2.95166807e-005
	5.873869784e-005	3.571981757e-005	4.36036886e-005	9.664713233e-005	4.042488502e-005
	3.805166621e-005	1.980974874e-005	3.037601547e-006	1.381563592e-005	3.264863296e-007
	0.002752706573	0.002456622692	0.002205714057	0.003003352208	0.002999050186
	0.003036899821	0.002265008877	0.0002201699076	0.0006033748632	0.0005727130744
	0.0005126386265	0.001842191804	0.001922533576	0.001502655967	0.002038982349
	0.0004906334706	0.0008623457605	0.0004791851136	0.0007001093924	0.0009572174469
	0.001525439535	0.001073735297	0.00147206928	0.001229061043	0.001048459661
	0.000585588462	0.001009002061	0.001455035552	0.001080017677	0.001332178536
	0.00121384397	0.00159381326	0.00180044507	0.0002038875664	0.0002450978517
	0.0003234022262	0.0001532824149	0.002048684139	0.002479603117	0.002558263694
	0.003136069145	0.003997771756	0.001750196307	0.003266437576	0.004555381577
	0.007877070784	0.01173113269	0.008623688329	0.01219065114	0.01007872724
	0.006682533768	0.006847871914	0.003728572567	0.005250815517	0.005304050693
	0.001872805471	1.025946244e-007	1.671003965e-007	6.602059119e-008	1.542699103e-007
	4.991694926e-008	8.496874598e-008	1.036939152e-007	1.259397602e-007	3.957760015e-008
	8.846299534e-008	3.214232429e-008	6.212853904e-008	9.403827535e-008	1.678122107e-007
	9.644581852e-008	1.482809888e-007	9.888474351e-008	0.01884326812	0.01945644638
	0.01839574453	0.01966100197	0.01914862209	0.01971393814	0.01696768255
	0.01977117579	0.01744754134	0.01951427456	0.01605637889	0.01665848394
	0.01937076824	0.02170791586	0.020429738	0.01984242106	0.02135966785
	0.02135739241	0.02053662901	0.02145740976	0.01852440672	0.01837362138
	0.0178937667	0.01621002362	0.02054742497	0.02326692337	0.01977363261
	0.01931136774	0.02100108521	0.02164391119	0.02018112203	0.0176302473
	0.0186452424	0.01642647313	0.1061172701	0.1074191972	0.1357644215
	0.1120189005	0.1320760566	0.1199924224	0.1366317179	0.08492626388
	0.02047629204	0.03408230667	0.0818777475	0.01864935242	0.0220649564
	0.05494816758	0.05791330564	0.03613517776	0.02016650835	0.1627311281
	0.1407011672	0.152182179	0.1493439952	0.1306645658	0.09827179218
	0.1394301917	0.1298103779	0.1136803468	0.09712616723	0.08910538261
	0.1240636214	0.1055343689	0.005584142086	0.008175033366	0.1263195401
	0.1213245916	0.1371836594	0.1443174555	0.1125793535	0.1441090624
	0.1451985812	0.1257145584	0.1304065546	0.1007461681	0.03263471819
	0.02108160347	0.01008079405	0.008330828776	0.02012357494	0.01279008936
	0.01241183722	0.01638518858	0.1079362673	0.1014774566	0.1314227368
	0.1378981669	0.1260848599	0.1133648215	0.1215383074	0.08982636028
	0.03083933408	0.05061006546	0.06749255405	0.06438742207	0.08455302871
	0.05015516464	4.743095798e-008	1.00176386e-006	2.241931532e-008	1.934956043e-007
	8.860109598e-008	1.328309201e-007	2.854053689e-007	2.91548665e-006	4.397910963e-005
	4.307962214e-005	1.774073703e-005	7.464213847e-005	8.411743018e-006	0.0001737468018
	6.975844764e-005	0.0001041521233	6.573917017e-005	1.682979687e-005	1.059469379e-005
	2.521750875e-005	1.000368252e-005	1.539619846e-005	5.615383161e-006	9.037582929e-007
	3.469808881e-005	0.001371664511	0.001657210357	0.001499959673	0.001073592788
	0.0001506732689	0.0001893140204	0.0002981936508	0.0003697231576	0.0009264157
	0.0007170549873	0.0009873404812	0.001160083662	0.0003849101969	0.0003074207265
	0.0004734337826	0.0008303662189	0.0007944708761	0.000527995107	0.0008447166518
	0.0006668920194	0.0005527668719	0.0001334038095	0.0001336794759	5.436085315e-005
	0.0001243282417	0.0001168766142	0.001152189956	0.0008892026505	0.001351824417
	0.0007071884422	0.002587193677	0.0016449028	0.004123672513	0.002956013057
	0.002231998202	0.005394797161	0.003654786774	0.0007592153288	0.0008240725232
	0.001408379743	0.001253525083	8.305126601e-008	2.499551978e-007	1.37331869e-007
	1.178033184e-007	1.72664193e-007	6.084985648e-008	2.17267589e-007	1.562762024e-007
	4.953567642e-007	1.535440198e-007	3.570593744e-008	6.73360476e-008	1.087378163e-007
	6.711123638e-008	5.477623385e-008	4.539139149e-008	1.293736835e-007	2.402675542e-007
	2.644834052e-007	1.802678265e-007	2.595413665e-007	2.901240391e-007	2.335743654e-007
	0.01532354977	0.0168682735	0.01636990897	0.01561247693	0.01545085087
	0.01597438235	0.01482480218	0.01511118109	0.01489567925	0.01508683193
	0.01466049731	0.01486075881	0.0144545324	0.01501762271	0.01745717481
	0.01802727333	0.0172131307	0.01766417416	0.01743851912	0.01668134041
	0.01828276331	0.01619631828	0.0152635284	0.01385820563	0.01565985774
	0.01458264784	0.01925269871	0.0173477345	0.0166363549	0.01845303323
	0.01615896388	0.01716926208	0.01562934733	0.01615288143	0.01761412043
	0.01723489673	0.0160788506	0.01654196986	0.0168601634	0.01598911292
	0.0249989517	0.01788208043	0.02022994859	0.01545223912	0.06168544977
	0.08718128179	0.08004660999	0.06718485079	0.04564079053	0.03059218248
	0.03887524697	0.08998743691	0.1206553625	0.09599702627	0.106836765
	0.1049772155	0.1124763297	0.09128013552	0.08297523105	0.07343242655
	0.06224013138	0.06271010223	0.07187691021	0.08160977479	0.08987057672
	0.002818718603	0.002428344842	0.004329385685	0.006917978799	0.003874571128
	0.003383230934	0.005920963058	0.08836588175	0.09551007453	0.1148339854
	0.1164171835	0.10581215	0.08904853575	0.09920928487	0.09188220965
	0.09774598337	0.1025706092	0.1096310781	0.07861770738	0.08303973662
	0.07976300261	0.06847682808	0.06685264419	0.03187467591	0.007338672796
	0.01822954223	0.01256826931	0.00434172773	0.01048985694	0.02027154805
	0.008192029682	0.06539221999	0.04834514204	0.02845414298	0.06770660696
	0.02735284813	0.08537812112	0.09247480592	0.04719133396	2.085985464e-007
	7.529575161e-008	3.111444064e-007	3.030761872e-007	8.536793924e-007	7.583927255e-006
	1.47375752e-006	1.531764003e-007	6.39670654e-005	9.391705234e-006	1.427091709e-006
	4.398348387e-005	8.32517266e-006	2.481833961e-005	1.951653977e-005	0.0001067112144
	0.0003307057548	0.0006670615133	0.0005556020468	0.0005190798109	4.395285366e-005
	0.0001242224929	0.0002114024576	0.0002752437239	0.0001793516829	0.0003784141272
	0.0004067972752	0.0002106356085	0.000291760892	0.0003688233139	4.021998962e-005
	0.0002000913241	2.820682568e-005	4.53394198e-005	0.0003304450666	0.0004145624291
	0.0002521666032	0.0005172898556	0.0004654911021	0.0009986690861	0.001720943495
	0.002003210888	0.001200609864	0.0008767610235	0.0003485253823	6.151220947e-008
	1.262263362e-007	1.41190013e-007	9.105292652e-008	1.181086469e-007	1.209134294e-007
	1.074725374e-007	2.581700135e-007	1.294064826e-007	1.154715525e-007	1.586308231e-007
	5.813122009e-007	2.341067802e-007	1.877111943e-007	5.059179489e-007	4.266681046e-007
	6.157025628e-007	1.253348165e-007	5.893395045e-007	8.160046205e-008	2.751169345e-007
	1.478126314e-007	3.514395829e-007	4.772762407e-007	0.01481420444	0.01474365016
	0.01305503186	0.01343332399	0.01468532362	0.01401698576	0.01202963754
	0.01232108628	0.01276117015	0.01213567712	0.01353735592	0.01175563487
	0.009899600415	0.01158549213	0.01530915266	0.01498971341	0.01486863095
	0.01661673828	0.01368304862	0.01355640465	0.01265471303	0.0121732052
	0.01311580646	0.01258081847	0.01260959531	0.01086953532	0.0118570215
	0.01089023199	0.01033368185	0.01352431249	0.01381129234	0.01592518366
	0.0135026187	0.01442139817	0.01442562459	0.01484233137	0.01582140441
	0.01514909741	0.01488805918	0.01347499907	0.014791947	0.01526625322
	0.01309947819	0.016504925	0.01446704076	0.01448616664	0.0128185204
	0.01877478929	0.02561789389	0.02435992511	0.0514461925	0.03770376819
	0.05290007282	0.03490829581	0.06544110311	0.05898851856	0.06395720027
	0.0746095234	0.03949593113	0.05367361559	0.04995938046	0.04179860968
	0.00102514242	0.001997703634	0.004493341061	0.001714216645	0.002918304357
	0.08321638717	0.08091513002	0.06078267828	0.06363582137	0.07714051111
	0.06399105792	0.07085458	0.05066312189	0.05423384292	0.05844863178
	0.05281727208	0.05692051673	0.04591529413	0.04235198023	0.04288902669
	0.003295735737	0.005294423149	0.01684273121	0.008191147922	0.009834232111
	0.01547413395	0.00590689934	0.007078935374	0.02658777998	0.01886752529
	0.01006764492	0.01470876939	0.04518290193	0.04872361297	0.03207108789
	4.592791283e-007	1.608628938e-006	2.618537723e-007	3.428552209e-007	1.176829929e-005
	1.670902055e-005	1.403749026e-005	3.084307054e-005	2.717354614e-006	5.928807547e-006
	1.806683235e-005	0.0001009773794	0.000149027228	6.426999008e-005	0.0001895100822
	4.43220964e-005	0.0002477897751	0.0001539706797	8.158117843e-005	4.589054134e-005
	7.688640955e-005	0.0009411598647	3.707602341e-005	9.772422832e-005	2.227366419e-005
	1.119783294e-005	0.0002194964261	0.0002045456204	0.0004081635015	0.0004556269674
	0.0001793052012	0.000108787526	0.0009315215599	2.389695615e-007	7.079631711e-008
	2.251007814e-007	1.482466666e-007	1.066726186e-007	1.504254325e-007	6.419710799e-008
	1.070170263e-007	1.89574363e-007	6.210699913e-008	2.617098841e-007	9.992561526e-008
	2.516273845e-007	8.489721459e-008	6.672928e-007	9.037360391e-007	3.397397942e-007
	7.994692071e-007	8.949494996e-007	9.320063686e-007	7.481499193e-007	3.085327288e-007
	4.128746292e-007	6.102184131e-007	1.196608824e-006	2.560534524e-007	0.01022528021
	0.01188632436	0.01245447522	0.01067425287	0.009890829991	0.008635640762
	0.009378251544	0.0082783968	0.009905360926	0.00975696712	0.01145213578
	0.009144315007	0.0125070237	0.01289858805	0.01337163057	0.01213144902
	0.009844816934	0.01151360726	0.01047375497	0.01134061471	0.01108300047
	0.01122693269	0.01034651172	0.009155996385	0.01022913536	0.008541017611
	0.01042659671	0.008685023558	0.009084158038	0.008625134445	0.008451606862
	0.009535079959	0.008657576714	0.00872900509	0.009994938298	0.01157594747
	0.01172276585	0.01239060995	0.01348422874	0.01258666517	0.01070097914
	0.0118093289	0.0111319379	0.0122938819	0.01576829177	0.01304084588
	0.01953147738	0.02980932942	0.01563974845	0.01928439243	0.02750753977
	0.04629190876	0.0390200469	0.02760808633	0.01738624016	0.03267871467
	0.03971020544	0.02024476651	0.03229339814	0.001883435718	0.0007830543414
	0.0009777093002	0.0009367009637	0.001037250406	0.002966610452	0.003154066753
	0.03256108434	0.02976514168	0.04671681602	0.04163305189	0.0260322141
	0.03413010693	0.03337502744	0.02822700565	0.02434761301	0.02311755104
	0.02620276115	0.03196564399	0.001658709392	0.002487366469	0.002972509456
	0.005354412682	0.01014932905	0.01058945341	0.002384024583	0.005552421005
	0.01884547079	0.02056762349	0.005881247938	3.329453033e-006	2.565599688e-006
	8.253757287e-006	4.494037104e-005	1.340344814e-005	2.441741842e-006	4.974550803e-005
	0.000172418007	6.465692374e-005	0.0001177086928	0.0001083371163	1.672628624e-005
	0.0004529599446	0.0004889575362	0.0004616359885	0.0003097179448	4.242192278e-005
	2.623590372e-005	4.029488459e-005	0.0001755538082	7.015951692e-005	0.0003307393165
	3.932755068e-007	2.64246673e-007	3.135260595e-007	4.309754645e-007	3.713466163e-008
	7.901808044e-008	3.296506658e-008	4.391011951e-008	1.544573529e-007	1.123974654e-007
	6.070223057e-008	3.163952375e-007	7.315756313e-008	2.341891582e-007	3.043378399e-008
	1.723787871e-006	1.782980489e-006	5.195944996e-006	2.387861666e-006	6.968484635e-007
	7.51481958e-007	2.720148763e-006	2.434257447e-006	9.678594131e-007	7.438619123e-007
	1.259148817e-006	1.054005181e-006	9.121133377e-007	0.008255787976	0.009453540504
	0.008546086753	0.007390700062	0.008016942534	0.006303992283	0.007789814953
	0.006704656572	0.007346640018	0.006542994426	0.006107403047	0.006182107183
	0.006936048881	0.006891566913	0.007945240822	0.008013626028	0.01080784851
	0.01007296983	0.009683187292	0.009586514743	0.009210583423	0.008539796324
	0.01030208571	0.008009553691	0.007647137886	0.008015624879	0.007684274823
	0.006348758742	0.006554302057	0.006397342553	0.005894899664	0.008158916429
	0.007874213794	0.006335562857	0.008099733302	0.009509675909	0.01029544786
	0.01003181504	0.009319887088	0.01264085128	0.01120893821	0.01097146444
	0.01161726792	0.01025655456	0.008847586506	0.009930953047	0.01131282276
	0.01464014429	0.01194555676	0.01555789498	0.01388905215	0.01492022048
	0.0215539007	0.01600828073	0.01427108324	0.01145129956	0.02369143621
	0.001058755284	0.000372205948	0.0004743507227	0.001119219633	0.017293019
	0.01777831125	0.01193555114	0.009750792884	0.01913281275	0.01530055981
	0.0139253177	0.01300922157	0.01703502478	0.01123730856	0.01241671131
	0.000193232143	0.001307829301	0.001113467217	0.002924485529	0.001758053274
	0.005592661164	0.00787005775	0.003545965708	1.639747716e-005	7.192745395e-006
	1.745157139e-006	1.421001123e-005	0.0002930803662	0.0001276776691	3.851917732e-005
	3.354017169e-005	0.0003891104978	6.641055994e-005	0.0001319286355	1.791470733e-005
	0.0001646321747	3.580157671e-005	5.179983508e-008	7.03439883e-008	1.641493335e-008
	2.679540115e-008	3.065254453e-007	2.002226672e-007	3.664752786e-007	3.618100391e-007
	7.536573617e-008	2.578429198e-007	4.109908974e-008	1.713213837e-007	6.184042324e-008
	1.263546838e-007	7.079451275e-008	1.037151397e-006	3.407713943e-006	1.6084027e-006
	7.928432492e-006	4.510696681e-006	1.171062291e-006	6.410704266e-006	1.958717202e-006
	1.59957805e-006	1.437561856e-006	3.299607382e-006	1.209681315e-006	1.893881654e-007
	1.013280915e-006	8.797518934e-007	7.683852428e-006	0.004688390998	0.003669272404
	0.003979927324	0.004072518917	0.00515381197	0.005325532744	0.005905609951
	0.00633251133	0.006014603791	0.005809045305	0.004647029218	0.004298970765
	0.004479805069	0.004369477783	0.004231831043	0.005555686798	9.83839318e-009
	1.431312278e-008	2.16118836e-008	1.047502943e-008	2.916182591e-008	1.274892919e-008
	1.692024268e-008	1.017791532e-008	0.007670741386	0.008560534603	0.008174848315
	0.007232082276	0.007649529933	0.007602141057	0.005976394582	0.005220856209
	0.004669921442	0.003086154826	0.004096052472	0.00295760596	0.004349168696
	0.005598957614	0.004459635126	0.004148948621	0.005843350196	0.005592159012
	0.007027910097	0.007335349091	0.01019979343	0.009740124951	0.01064011282
	0.008495996402	0.00906609391	0.008293616241	0.01000657593	0.008422718122
	0.009529750196	0.01022073843	0.01141663102	0.008710794655	0.008794002246
	0.01302669179	0.0002255171619	0.0005418559131	0.0002460388039	0.0004526582345
	0.008862407437	0.006392391013	0.00803221514	0.005528716172	0.009730497437
	0.006788383236	0.01006430642	0.0002329777927	0.0008927764438	0.002345638424
	0.0009475041831	0.004531595161	0.003530730078	0.002401551222	2.376024767e-005
	1.864719293e-006	8.622751669e-006	2.728511222e-005	6.978297465e-006	0.0001916206013
	0.0001392080767	3.732317669e-008	8.103238043e-008	5.293174266e-008	2.227089859e-008
	5.052579812e-007	2.924015459e-007	3.706708294e-007	1.98595297e-007	3.069715027e-007
	6.280201266e-008	2.376211422e-007	2.30049628e-007	4.393069575e-008	3.054025026e-006
	7.280418797e-006	3.537014563e-006	4.521579292e-006	2.470352539e-006	1.617711961e-006
	1.828498986e-006	7.113326741e-007	6.697426681e-007	6.809185004e-007	4.445347495e-007
	6.320245769e-006	1.646448545e-005	1.2480438e-005	5.98815731e-006	0.002585741086
	0.002472275291	0.002974048738	0.003304301045	0.002671048121	0.002514629747
	0.003613220991	0.003599814013	0.003400773014	0.002344064753	0.002417707839
	0.002590545276	0.002536890433	0.002555461498	0.002640824313	0.003876720345
	0.004075098365	0.002510750557	0.003962507787	1.156833361e-008	1.814066255e-008
	7.641149663e-009	9.57350814e-009	2.190533106e-008	2.387077654e-008	5.940459029e-008
	5.981080798e-009	2.688616393e-008	1.409413882e-008	9.989063472e-009	0.002440588459
	0.007456592953	0.005942563887	0.004896103983	0.004446989512	0.002945386403
	0.002496346955	0.001903618162	0.00343857261	0.002689853701	0.002393264628
	0.00408657938	0.006600275747	0.00445405507	0.005306795722	0.006255053244
	0.00699238497	0.007131034453	0.005158937918	0.008574127092	0.006730633895
	0.006395990698	0.008521884464	0.005196290342	0.007763197159	0.007587738221
	0.005078655987	0.006819794689	0.005742223494	9.70100259e-005	0.000238024064
	0.0002343948972	0.0003940560467	0.003305472629	0.001505707696	0.0004284310437
	0.006128352244	0.003996106316	0.001323236626	0.00240904475	1.853150141e-005
	4.208235985e-005	9.087252956e-005	3.015516434e-005	5.088070418e-008	1.918567643e-008
	2.163106269e-007	1.185558902e-007	4.848167317e-008	9.318226326e-008	1.794903062e-007
	3.375160488e-007	5.371129123e-007	4.13755062e-007	2.239461216e-007	5.068523473e-007
	7.152275972e-008	7.029035567e-008	8.899347626e-008	8.332736741e-007	1.57349293e-005
	6.536550012e-006	1.636416277e-006	8.075422882e-007	1.797962745e-006	7.936311691e-006
	2.51236297e-006	1.805500084e-006	3.85193889e-006	1.057376624e-005	1.175577192e-005
	0.00257178153	0.001467131452	0.001574663143	0.00190156135	0.002525433532
	0.002358482486	0.002644267876	0.001568443091	0.00224827585	0.0014391822
	0.001477001099	0.001578536163	0.001295494075	0.002795396311	0.001232138961
	0.001457832476	0.001260320688	0.001108510492	5.60849471e-009	7.549110132e-009
	7.651716289e-009	9.688409002e-009	2.929603823e-009	1.216529329e-008	3.767157277e-009
	7.250036409e-009	7.066990033e-009	2.457874575e-008	2.622494299e-008	8.284420184e-009
	8.833909888e-008	0.001892310225	0.001361754541	0.001393071146	0.001638207634
	0.001444690755	0.002841879408	0.003883056645	0.002731882554	0.001978941606
	0.001910480422	0.002669916498	0.003454462794	0.004503630348	0.004901899491
	0.003981951771	0.005840877189	0.003315282997	0.003377119201	0.002731160592
	0.002993550387	0.003292999879	0.003101613425	0.003760698286	0.003021667398
	0.00572436329	0.003548005246	0.006328560277	0.002860241268	0.002870396381
	0.002848158261	0.005007829756	0.000701761312	0.001771229569	0.0002226067926
	0.0002312675202	0.00275246363	3.468306162e-005	0.0009753133939	0.0005052207282
	0.0001781401439	3.540371401e-005	2.940859661e-005	2.869228799e-005	4.468270502e-005
	6.450557159e-008	8.985174402e-008	2.079221734e-007	2.112277484e-007	1.732658429e-007
	4.628075257e-007	3.808410794e-007	2.058087961e-007	5.226268417e-008	9.543315268e-008
	2.287404863e-007	2.187474343e-006	6.800212471e-007	1.742134437e-006	1.027637085e-006
	2.48543413e-005	1.639556042e-006	1.13260287e-005	1.84910763e-006	1.517481636e-005
	7.848757089e-006	5.810415413e-006	1.438213097e-005	0.001262995007	0.0007702092724
	0.0007697605851	0.0008060722124	0.001373828304	0.001380541227	0.00117020279
	0.001159362083	0.0008268783351	0.001030297526	0.0008791577478	0.001156447615
	0.0008500446863	0.0005651012709	0.0008178295873	0.0006599873527	0.001185010736
	0.0005214593499	0.0003767566611	0.0006730949951	0.0007472810171	2.107808996e-009
	2.75445373e-009	9.61368381e-010	1.43563106e-009	6.167835532e-010	2.768149772e-009
	2.090046088e-009	5.410499761e-009	1.449592763e-009	2.794610438e-009	4.118334659e-009
	1.306372356e-008	1.027115794e-008	1.386659215e-008	1.981727654e-008	1.069983071e-008
	1.254002181e-008	3.661686289e-009	6.196432629e-009	3.884173144e-009	3.258073618e-010
	1.707201167e-010	1.000344214e-009	2.468306873e-010	5.679737395e-008	5.417062145e-008
	8.220640212e-008	1.637597118e-008	3.469616046e-008	0.0007443644776	0.001014474085
	0.001145815724	0.001319289992	0.001674549404	0.0008298339183	0.001556034599
	0.001621089673	0.002081117772	0.002122648163	0.001257041062	0.001257080875
	0.003163022546	0.001372191264	0.001962717307	0.002266833499	0.002480337517
	0.001333422957	0.0004499291182	0.001372827973	0.0003118856548	0.001062633017
	0.00180145905	0.001371422661	0.002951897208	0.001343994032	0.0003581025595
	0.003431821052	0.002959601371	0.0007379172843	0.0006073207377	0.0005781685411
	0.0001689741004	0.0001474769858	0.0001085538379	0.0002452101574	8.184708484e-006
	0.0003594630137	6.956878925e-006	3.275486683e-008	2.067581142e-007	3.94111275e-007
	1.423331958e-007	2.976124524e-007	2.643137521e-007	2.585481376e-007	4.22013096e-007
	1.405690627e-006	2.442253852e-006	2.477852898e-006	6.66617006e-007	3.968825466e-006
	1.601275125e-006	2.265244125e-005	3.952643714e-007	3.370763381e-005	4.328940952e-006
	5.365094714e-005	1.27369056e-005	0.0003793746599	0.0006671380125	0.000345371472
	0.0007578420818	0.0006406315711	0.000594782252	0.0004031968643	0.0005010838451
	0.00030493898	0.0003757707905	0.0003552420789	0.0005196237364	0.0003478851911
	0.0006636100641	0.0003382015145	0.0004546714272	0.0001603047149	0.0003010188249
	0.0001879424256	0.0002709719583	0.0004565252686	0.0002296570961	0.0002836204955
	0.000331773324	0.0002500954664	0.0001741068416	2.672816006e-010	1.575932521e-010
	7.583628537e-011	4.592286795e-009	7.636866605e-010	4.40550316e-010	1.285698821e-009
	3.583366012e-010	1.075053132e-009	3.032769496e-009	6.729543306e-010	4.493081728e-009
	2.877463536e-008	4.671762684e-009	2.193641456e-008	6.123011799e-009	1.399630361e-008
	1.54201582e-008	3.772196668e-009	1.834398569e-008	2.127718331e-008	2.904533243e-009
	5.120592546e-009	1.357615178e-009	7.266688795e-009	1.315946415e-010	1.737598153e-010
	1.091901904e-010	1.256262744e-010	1.607579966e-010	2.232789162e-010	2.282704555e-010
	9.217008181e-011	7.734204741e-010	5.089268318e-010	2.943592026e-010	3.85122677e-010
	4.853086303e-010	5.371872507e-010	5.460834009e-010	4.407198546e-010	8.437284769e-010
	6.924228904e-010	3.442811822e-008	1.070655866e-007	2.1799638e-008	8.349057275e-008
	1.456539952e-007	5.274632488e-008	5.754086232e-008	6.635869185e-008	0.0003097844977
	0.0003199033364	0.000533129083	0.0006918076306	0.001321030349	0.0006383516493
	0.0004643975105	0.0003282594159	0.0004967694241	0.0004375186028	0.0004511525128
	0.0011951062	0.001017115982	0.0009071942774	0.0003797847689	0.0001837979439
	0.0002504665705	0.0002354711782	8.841286493e-005	0.0001232073776	0.000196111043
	0.0001218649653	3.266822148e-005	8.858188408e-005	4.636758951e-007	3.34686228e-007
	9.54218839e-008	2.975975516e-008	4.346693952e-007	8.814489201e-007	2.133951695e-006
	3.422661529e-007	6.901176641e-007	8.079377084e-006	1.34695758e-006	5.618671039e-006
	2.375233449e-006	6.276950509e-006	8.485096594e-006	5.111617149e-005	5.234921716e-005
	6.594167759e-006	2.173468448e-005	0.0001548648046	0.0001314732464	0.000309602187
	0.0001527721223	0.0001387551587	0.0002543824086	0.0002591650439	0.0001259270647
	0.0001598671483	0.0002767898882	9.978141138e-005	0.0001788608273	0.0001514987476
	0.0002207326118	0.000135278581	7.633857992e-005	9.506818317e-005	0.0001104618264
	0.0001772513799	0.0001263976571	8.107913925e-005	0.000109290972	0.000151945119
	2.697248343e-010	1.673955598e-010	2.1348652e-010	3.256732136e-010	6.502768097e-009
	5.763016544e-010	2.843707795e-009	2.418115599e-009	1.325976035e-009	4.016023341e-009
	8.712386821e-010	2.384757861e-008	1.868289713e-008	1.640115577e-008	6.601398089e-009
	5.513854385e-009	6.247475185e-009	1.182310455e-008	9.700015285e-009	6.844736989e-010
	1.177575945e-009	4.458044053e-010	3.986942913e-010	7.770816356e-010	7.991685552e-010
	5.874254384e-010	5.496595293e-010	3.593718087e-010	6.854308907e-010	4.045174938e-010
	3.222957228e-010	6.243412205e-010	2.042761229e-009	2.243193572e-009	2.345975821e-009
	2.774061353e-009	1.081890675e-009	1.03884656e-009	9.537912596e-010	1.814023778e-009
	2.033549025e-009	1.782112274e-009	6.873117769e-008	3.308798545e-008	3.178773152e-008
	8.2644291e-008	6.911682321e-008	1.174397263e-007	1.976159835e-007	2.233056387e-007
	2.569347624e-007	6.889003906e-005	0.0001979147517	0.0001187663253	0.000305145447
	0.0002521405985	0.0001054537018	0.0001179276685	0.0002453637825	0.0002740246337
	0.0001142816356	0.0001183476168	0.0001212201901	8.25415783e-005	5.659162281e-005
	7.271037874e-005	4.260727521e-005	0.0001040238981	3.938899459e-005	0.0001160620457
	9.817978125e-005	3.954338262e-005	1.127090452e-006	2.159290959e-007	1.781017308e-006
	5.689306596e-007	1.096917488e-005	4.210323445e-006	3.191301931e-006	4.4895007e-007
	7.032534413e-006	4.510508394e-005	1.642407388e-005	2.101621949e-005	5.798515317e-005
	1.346441354e-005	2.815400295e-005	9.90170354e-005	8.469155196e-005	5.600492382e-005
	7.29415027e-005	5.44842886e-005	0.0001279815528	5.76940179e-005	5.333107418e-005
	0.0001058159071	6.920001105e-005	5.69967013e-005	7.775169948e-005	4.877202771e-005
	5.287869592e-005	3.492086075e-005	2.786395487e-005	7.594055557e-005	4.042268445e-005
	4.945316054e-005	3.666817907e-005	4.514702281e-005	6.519914573e-005	4.431439094e-010
	3.308058813e-010	3.170168711e-010	5.271883552e-010	8.583643673e-009	2.634502427e-009
	3.011767503e-009	3.60581011e-009	1.348685041e-008	3.142438611e-009	5.20286295e-009
	2.367953455e-008	2.510332277e-008	4.228931852e-008	1.776008971e-008	2.043856599e-008
	2.147520207e-008	1.720077524e-008	7.552579406e-010	1.151032179e-009	1.16056615e-009
	1.43970112e-009	1.041185516e-009	1.456777318e-009	2.952295255e-009	1.569738123e-009
	4.172916983e-009	1.424207209e-009	9.992005998e-010	2.348293937e-009	5.446504211e-009
	2.934622047e-009	6.153622219e-009	6.864844301e-009	7.880390675e-009	3.394101169e-009
	2.464136258e-008	4.207323745e-005	2.226647724e-007	1.759612888e-007	4.48060197e-008
	8.881796326e-008	4.058886099e-008	5.622269224e-008	1.597162312e-007	1.067074837e-007
	2.205317475e-007	1.249420061e-007	6.452181442e-007	4.307414878e-007	1.378147888e-005
	2.397045605e-005	6.724333364e-005	6.360548286e-005	4.224112883e-005	3.485927038e-005
	1.645948116e-005	2.380628634e-005	1.787161257e-005	1.165342851e-005	3.774134178e-005
	6.02806003e-007	1.242236226e-007	1.592152382e-006	1.333207852e-006	5.269655294e-006
	6.553337521e-006	4.799892798e-006	1.464518644e-005	5.631311493e-006	2.293232586e-006
	2.286826127e-005	5.573974125e-005	1.95052405e-005	4.045509373e-005	2.531944264e-005
	2.631288498e-005	1.686804671e-005	2.350715105e-005	2.120268674e-005	1.740096323e-005
	4.447652854e-005	3.066858869e-005	1.882451349e-005	2.172583714e-005	3.066851398e-005
	3.138364339e-005	1.858059236e-005	2.593541181e-005	1.750541552e-005	4.34432865e-010
	5.510585051e-010	4.069578652e-010	1.622302871e-009	9.797229077e-010	1.325094897e-009
	8.208440972e-010	4.442704222e-009	2.460688111e-008	4.80480745e-008	8.716973051e-009
	2.30525227e-008	1.229761765e-008	4.289088024e-008	3.083946933e-009	9.205545748e-010
	7.599825163e-009	7.013595875e-009	2.83006106e-009	1.461436976e-009	2.541234822e-009
	1.648071156e-008	1.038092903e-008	1.693448794e-008	4.380821436e-009	7.05606893e-008
	7.471641317e-008	1.696116792e-008	5.605932201e-008	1.574394841e-005	2.660765985e-005
	1.830014436e-005	8.452058945e-006	1.72701626e-007	1.090419682e-007	1.650939396e-007
	2.044081264e-007	9.867438068e-008	1.069145552e-007	8.481149935e-008	3.40269424e-008
	2.61143401e-007	1.060049697e-007	3.790724925e-007	5.414585678e-007	1.070806373e-005
	3.963048048e-006	9.797038056e-006	5.312963564e-006	4.972192995e-006	9.732924484e-006
	4.133925786e-006	6.223630649e-007	5.477633138e-007	6.337244208e-007	1.981481725e-006
	4.775069971e-006	4.564480576e-006	2.521361059e-006	1.03387474e-005	1.688975501e-005
	2.15619698e-005	1.530039594e-005	1.025022844e-005	1.583431953e-005	1.350715822e-005
	7.311060064e-006	7.693074981e-006	6.854344115e-006	7.338803601e-006	1.312938276e-005
	1.902635291e-005	1.473960881e-005	6.468936614e-006	6.797560335e-006	2.656958149e-009
	1.694068491e-009	2.045869087e-009	2.999091434e-009	3.794042024e-009	2.396490013e-009
	3.472794654e-009	3.348253131e-009	3.30553472e-008	2.5477853e-008	4.522520103e-009
	3.570513303e-008	7.845904593e-009	6.704722135e-009	1.04602025e-008	1.458444847e-008
	7.149392134e-009	4.985306252e-009	1.263084172e-008	1.573629651e-008	4.429884284e-008
	3.851828321e-008	6.537423846e-008	4.95842228e-006	1.062850017e-005	6.439675702e-006
	8.078247029e-006	1.684135558e-008	2.347365333e-007	1.734502466e-007	4.745811093e-008
	1.389834304e-007	1.756281334e-007	8.610297126e-008	8.140352344e-008	3.312029081e-006
	8.369142547e-007	1.582870042e-007	2.687819199e-007	2.740052309e-007	2.323672042e-006
	1.54168549e-006	4.544431667e-006	9.892269419e-007	1.579312981e-006	1.0953271e-006
	7.710683598e-007	6.399129045e-006	1.005478309e-005	8.027157698e-006	4.151412981e-006
	5.618825673e-006	3.997607194e-006	4.467084077e-006	3.158395059e-006	6.652233487e-006
	3.023053574e-006	6.365428561e-006	6.104920927e-006	2.844143846e-006	2.859929481e-006
	7.185663017e-006	2.629805137e-006	6.094030982e-006	2.778345732e-006	4.705858532e-009
	2.222511282e-009	1.273837505e-008	5.68768744e-009	8.267632687e-009	6.704957802e-009
	8.246888841e-009	3.553600437e-009	1.828339816e-009	2.523690233e-009	1.078506039e-008
	3.105825459e-009	1.788801601e-008	1.101579115e-008	6.843895738e-009	4.457253038e-008
	4.563466216e-008	2.499296855e-008	1.330363031e-008	6.348389919e-008	8.151196078e-008
	1.460167685e-007	2.358030865e-008	4.041365919e-006	2.223699633e-006	3.338457775e-006
	2.986499109e-006	6.084854744e-006	8.272391541e-008	6.929518019e-008	3.610151564e-007
	1.30936909e-007	1.467791803e-007	8.884400194e-008	1.254471874e-007	2.928473634e-006
	6.30289775e-007	9.135200374e-007	2.489873776e-007	2.551292472e-006	5.31874539e-007
	1.781072397e-006	5.131972026e-007	2.144560913e-006	1.210317461e-006	4.084608623e-006
	1.554911769e-006	1.392510236e-006	3.687074728e-006	3.025733642e-006	2.626420693e-006
	1.398527162e-006	1.541726114e-006	1.25953166e-006	2.749197409e-006	2.881439456e-006
	1.372275172e-006	1.162781754e-006	2.796173095e-006	1.407178706e-006	1.078136823e-008
	1.171237542e-008	3.203820114e-009	1.921723304e-009	1.785341836e-009	7.920755199e-009
	1.988059252e-008	3.500568067e-009	5.476838689e-009	1.788929146e-009	8.095077416e-009
	1.11618185e-009	2.489252007e-009	1.694857618e-008	1.408544538e-008	6.066672924e-008
	6.62112383e-008	5.576819791e-008	1.958106334e-008	1.107072769e-007	7.189204968e-008
	1.365917841e-007	2.25132009e-008	5.832094648e-007	4.6876492e-007	1.399190514e-006
	1.682202801e-006	1.130002001e-006	1.089821098e-006	9.022001457e-007	2.376935239e-006
	6.463824719e-008	1.275020945e-007	7.076503315e-007	2.415245404e-007	2.726587508e-007
	3.171389815e-007	1.154404211e-006	5.138521938e-007	8.604715538e-009	6.670308318e-007
	1.549308349e-006	6.77656284e-007	1.412912831e-006	5.700009892e-007	1.13266997e-006
	6.573976351e-007	5.454885317e-007	1.146112185e-006	1.280502808e-006	6.166341882e-007
	5.543413948e-007	3.285789374e-007	5.768516962e-007	5.043240929e-007	7.86148159e-009
	8.455489281e-009	4.501937066e-009	3.914759299e-008	2.252825701e-008	2.525876083e-008
	2.755708717e-008	1.63659765e-009	1.552865897e-009	2.336542975e-009	1.524306344e-009
	6.589083274e-009	5.669094361e-009	3.853355471e-009	3.713837335e-008	9.92352347e-008
	7.900189932e-008	1.808193448e-008	8.243962778e-008	4.495203015e-008	1.160222746e-008
	4.784303797e-007	2.822490839e-007	6.47491556e-007	4.030714033e-007	3.801216813e-007
	9.561948338e-007	3.493650648e-007	2.496862384e-007	6.670162408e-008	1.12673095e-007
	2.006475632e-007	1.67846605e-007	1.309991554e-007	4.256444748e-007	1.007784261e-008
	1.913878129e-008	2.437155742e-008	1.739529658e-008	3.564296648e-007	4.933997361e-007
	5.056773302e-007	3.60094281e-007	6.150876061e-007	3.658467358e-007	3.342091896e-007
	5.767492676e-007	5.600617086e-007	3.484804171e-007	2.795529415e-007	3.084648427e-007
	2.736277842e-007	1.632352977e-007	2.866741534e-007	1.777343766e-009	2.18943051e-009
	1.428767905e-009	1.156230499e-008	8.075304936e-009	1.351736002e-008	3.155966447e-009
	6.122613589e-009	7.54967657e-009	3.58116294e-009	7.190448511e-008	2.663007169e-008
	4.83368072e-008	9.757629685e-008	2.259070441e-007	1.789402209e-007	1.058706156e-007
	3.553073962e-007	1.414988957e-007	9.329781275e-008	6.942029624e-008	1.275758094e-008
	2.353906282e-008	3.859201614e-008	2.829218911e-008	3.047092852e-007	3.174738002e-007
	3.297094677e-007	2.858624444e-007	2.706932019e-007	3.086288243e-007	2.999307113e-007
	1.270303739e-007	1.129534057e-007	2.342112817e-007	1.835113546e-007	1.659191055e-007
	1.322940958e-007	1.75557327e-007	2.37173835e-007	2.18200702e-009	2.572891921e-009
	1.751505385e-009	1.422478818e-008	3.508065248e-009	1.008137214e-008	8.745124514e-009
	6.616155142e-008	3.713161059e-008	1.352473713e-007	4.544216812e-008	9.81920095e-008
	1.024000087e-007	2.871733672e-008	5.062780483e-008	3.181020794e-008	1.353319568e-008
	1.353160146e-008	4.323664834e-008	2.440074286e-007	1.920523865e-007	2.786118713e-007
	2.486241214e-007	2.654365545e-007	2.280348662e-007	1.934810677e-007	1.186138389e-007
	6.635510514e-008	4.736613194e-008	8.465539099e-008	8.346256487e-008	1.589178981e-007
	2.027155028e-007	2.603704482e-009	1.982429258e-009	1.339768778e-009	1.422522533e-008
	3.596566017e-009	1.691180509e-008	4.660904289e-008	5.602031297e-008	4.376542022e-008
	1.733599683e-008	2.890600948e-008	5.340809447e-008	2.830397984e-008	3.192052854e-009
	1.870306072e-008	1.102022114e-008	1.904998864e-008	1.614766989e-007	1.54562493e-007
	2.604425166e-007	1.478989377e-007	3.287224036e-008	6.393943813e-008	4.366643682e-008
	6.510125489e-008	1.311251116e-007	5.316544639e-008	2.358198064e-009	3.604642259e-009
	1.612116592e-009	1.064384298e-008	1.97199706e-008	2.998534027e-009	2.730997779e-008
	8.653335151e-009	1.272203041e-008	1.297649959e-008	5.268670895e-008	1.234011836e-007
	5.181483584e-008	4.753573988e-008	1.64949754e-008	4.700129733e-008	2.181574533e-009
	2.54762586e-009	1.377086537e-009	1.264877629e-008	2.396191077e-009	1.154370539e-008
	4.964380878e-008	1.602723741e-008	1.582523775e-008	1.643469762e-009	2.222983111e-009
	1.148438153e-008	7.974620234e-010	6.225850449e-010	2.148903436e-009	