4285	
	-1.785393727e-032	-6.209896041e-034	2.752229415e-018	3.367304747e-018	-4.215187582
	0.0008309789684	-0.00882159152	2.510264578e-018	4.778691805e-018	-6.169853453e-034
	-8.352129273e-035	-1.25123292e-035	7.417930043e-035	-0.2710823042	0.001282537983
	-4.216596127e-033	  1	4.743449391e-034	-0.0008957383794	  1
	4.554711564e-005	  1	-2.05838567e-030	1.00009562	1.310275224e-034
	-0.0008306931025	1.000288956	-9.49063088e-005	1.000531781	7.163645606e-029
	-1.30549368e-032	1.373966436e-034	-3.741602186	4.993145472e-020	-5.86875647e-019
	0.000919733974	-0.009057882826	0.0006100676847	-0.007265904783	0.004087113619
	-0.02506779668	0.00984229562	-0.04515501944	1.109514394e-018	-1.950140206e-019
	2.795139753e-020	-9.407118045e-019	-3.31341858	0.001609553919	-0.009955795559
	0.0008550273003	-0.007306000427	1.298207595e-019	1.279559997e-018	0.001198913175
	-0.009381367314	0.0006973344721	-0.007358728534	-1.711947329e-032	3.48435628e-034
	-2.896910556	2.268299742e-018	6.190078862e-018	-4.798687305	0.003573230708
	-0.02391004816	-4.282415968	0.0009316709848	-0.0104272137	0.006691211705
	-0.03570598761	0.002547587592	-0.01830316492	3.084327981e-018	1.114072989e-017
	0.01059841999	-0.04811798366	0.0215914483	-0.07532975319	0.01753408621
	-0.06771518742	0.02411483482	-0.08181912488	-4.321799254	0.04106780655
	-0.1137707774	0.04383898942	-0.1192684848	-2.503197026e-032	6.619517984e-033
	0.01194109151	-0.05515412394	-2.886563526e-032	9.892941835e-033	-6.980454264
	-3.320550892e-032	9.047554054e-033	0.007017095075	-0.04887329617	0.001090054791
	0.002054774708	-8.529755235e-033	-4.737405323e-034	1.157046868e-019	-1.094841487e-018
	-1.269685951	-4.340785394e-033	-2.650050207e-034	-1.7648562e-033	-1.781858136e-034
	-0.002647733199	0.005236459852	-0.00209755728	0.002977211717	-1.614556757e-033
	-1.168993698e-034	-0.39085936	0.09033600111	1.527238393e-033	0.01006799931
	5.04757861e-033	-0.2323639315	0.003804661355	-0.01269588982	0.03441882358
	-0.03127666144	-5.800209809e-033	-6.615851988e-034	-4.488343857e-033	-4.983835712e-034
	-0.6156966765	-0.0008684754886	0.004222633978	0.0001583998698	0.004176502661
	-1.777063629e-006	0.004521665557	0.001340235711	-0.0002095642442	-7.385142003e-033
	-6.157199705e-034	-0.9528578653	0.0007292290693	-0.0003933316836	-9.958789935e-033
	1.187619227e-035	-2.49337428	0.001169148239	-0.007468661706	-1.425633711e-032
	-3.409599815e-034	0.002025109855	-0.009526737373	0.001439195612	-0.003467915161
	0.001426413141	-0.006366091928	-1.412264695e-032	-4.151385484e-034	-2.084789037
	0.001166823892	-0.0001374981996	-1.619328013e-019	8.207631072e-019	-1.40395601e-019
	6.686336679e-019	-1.67715564	0.002053446641	-0.006758927739	0.9985158074
	8.474927284e-034	0.001256378315	  1	-6.738562511e-026	0.001649605936
	0.9988103321	-9.31249645e-005	0.9998828588	0.0006680336566	  1
	1.627320986e-023	0.9972114603	3.530212592e-023	0.961408508	1.219112432e-019
	0.987883472	1.184627471e-033	0.001386041792	1.001921406	-0.002723203065
	0.9766940158	-0.01715178143	0.9127628042	-0.03236724388	0.8130266337
	-0.04091960565	0.7665641251	-7.260948317e-034	0.867414627	1.354071726e-018
	0.06115072647	0.6746702548	-0.06280226385	0.5093118384	-0.06631969292
	0.602339795	-1.789455336e-033	0.1090447537	0.4260662833	2.542072449e-033
	0.3120298621	-0.07195807763	0.1487953068	-0.05685327632	0.2284863531
	-4.195963502e-018	0.005457787621	0.05504868419	-0.1256217802	0.01417147802
	-0.072453175	-4.358761396e-032	2.441837744e-032	-3.807338081e-032	1.526404041e-032
	-15.41918539	0.008936318999	-0.0328113409	0.005073138183	-0.02727590381
	0.01628518878	-0.06014541956	0.004439007995	-0.0258043431	-3.721056749
	0.009895011088	-0.04427019043	0.02821674777	-0.08748547504	0.03639376447
	-0.1046403686	0.01945575385	-0.06982686113	-3.942125132	0.008036384053
	-0.03173337096	-2.607512485	0.006922476249	-0.03038906903	0.01759775277
	-0.06035201442	0.01595362829	-0.0584524699	0.005868604647	-0.02838365163
	-3.198946179	0.01783551999	-0.05907090141	0.02594606112	-0.07421288412
	0.04720922501	-0.1227278499	0.04556586004	-0.1117749123	0.00679986165
	-0.04477645392	0.003233725055	-0.02174716348	-1.617993724e-032	2.427848695e-033
	4.610343914e-019	2.166056913e-018	-5.201023723	0.005074760564	-0.03311403902
	0.01195271465	-0.05257759204	-5.010989098	0.03551206527	-0.1054774676
	0.03718478305	-0.1087862939	0.01955796166	-0.07242155868	0.006056483698
	-0.04131696802	0.02283585935	-0.07967423756	-2.156961296e-032	4.914670308e-033
	-6.728254328	0.1009612686	-0.1978532786	0.06140374812	-0.1459721854
	-3.786682933	0.08097431612	-0.1728441956	0.06678334661	-0.1540940653
	0.0799886657	-0.1718195309	0.07366408533	-0.1637710424	-4.127048167
	0.1117142599	-0.2099624442	0.1300665587	-0.2285112551	0.05820936733
	-0.1376257555	0.08908412326	-0.176223249	0.1726498323	-0.250585399
	0.1168318041	-0.1925156151	0.1917019316	-0.2592770522	0.05425833241
	-0.131849698	-6.800132434	0.06175097191	-0.1430672853	-6.449246225
	0.02248407538	-0.05485290777	0.009998238846	-0.02540175431	0.006483723701
	-0.01829463031	0.004334070289	-0.01153198683	-1.262342201	0.03165838872
	-0.07165563101	0.264757334	-0.1393661048	0.03762367388	-0.06020550863
	0.003663027801	-0.01662783945	-0.3863587158	0.03307485042	-0.06532639967
	0.006925504369	-0.02173606662	0.1991269785	-0.1645140826	0.1011339433
	-0.0959087978	-0.1698274556	0.1013435483	-0.1220902622	0.01334096758
	-0.03259337042	-0.6372580269	0.01670459602	-0.03970705426	-0.9093938779
	0.05108728548	-0.09400022667	0.06108973059	-0.114165668	0.05451570923
	-0.107919052	0.05039582313	-0.09664477391	0.01422464207	-0.035075713
	0.009580231822	-0.03094230189	0.03192546435	-0.07543001569	0.03470399828
	-0.08385557827	0.009875853198	-0.03337585472	-2.131339184	0.009826003585
	-0.02942376243	-1.663405298	0.03932302179	-0.0948557921	0.02527611311
	-0.07102898948	0.07186925348	-0.1412603408	1.006796339	-0.01128501597
	  1	-4.42672606e-034	-0.004941029594	1.00967819	-0.002666686445
	  1	4.075733784e-021	0.9769183206	-0.07859125629	0.9758978712
	-0.04798356437	0.0228806361	1.008081992	-0.04773561851	0.9102101723
	-0.0732793588	0.3910748824	-0.1942981151	0.5945263805	-0.2097209059
	0.8904714337	-0.1345368055	0.7682352171	-0.1715900891	0.6412043804
	-0.1337265719	0.7827692629	-0.1071286498	0.08820330843	0.4473537477
	-0.1453813215	0.07726035228	0.1264353161	-0.1664100891	0.2127151003
	-0.09540923144	-4.382064354e-032	2.63518028e-032	0.2186669841	-0.1833956562
	-4.535056801e-032	2.877494321e-032	-4.370903867	0.2003791067	-0.240230739
	-5.007143361	0.2653953644	-0.2556574945	0.3264715623	-0.305596243
	0.2628933462	-0.2952932594	0.05334772481	-0.1223465411	-2.110712774
	0.07065385699	-0.145683976	0.1149708714	-0.2056500112	0.07235812076
	-0.1525181128	0.1233291216	-0.2229985372	0.03742294203	-0.1042637724
	-3.409853765	0.03661358135	-0.1008201189	0.06908405794	-0.1524236397
	0.07491925569	-0.162600149	0.1112567637	-0.2089979041	0.1503639162
	-0.25099856	0.06359519724	-0.1477896275	0.03625607677	-0.09837841391
	-2.784026724	0.06509118102	-0.1444864161	0.1010966295	-0.1974468523
	-3.226183887	0.1079908807	-0.2021767932	0.09868723301	-0.1893514751
	-2.271037929	0.1487318686	-0.2447289554	0.1495762799	-0.2475537469
	0.1353013466	-0.2294620081	0.2050861035	-0.2864203717	0.1702624902
	-0.2625256795	0.1271357821	-0.2204343089	-4.853633757	0.1430076142
	-0.2402710065	0.05843219755	-0.142414296	0.03212761122	-0.09978318274
	-5.673633787	0.08771092337	-0.1810757554	-4.399924816	0.2123687324
	-0.2835814219	0.0702993952	-0.1558350536	0.2389353162	-0.3172259456
	0.1520000834	-0.2518505437	-3.32535932	0.2562278987	-0.3340853979
	0.2033006958	-0.2936590822	-3.452612965	0.1747975783	-0.271620304
	0.1803582131	-0.2789173436	0.223795095	-0.3126338569	0.2974084352
	-0.3404367628	0.3748270834	-0.3478389523	0.4401408793	-0.3809143648
	0.4065995776	-0.3841571502	0.3193729382	-0.3376801571	-3.162840717
	0.1190911603	-0.1999622494	0.06214388322	-0.1240435696	-1.182318793
	0.09501014463	-0.1658480927	0.1606997681	-0.2403561941	0.1286831564
	-0.1993755573	-0.7984676923	0.1283338826	-0.1946132668	0.1977771269
	-0.2699897025	0.2527405642	-0.3062804617	0.5810978159	-0.272845788
	0.3500771079	-0.2848838067	0.3440678478	-0.2374996493	-0.04420910153
	0.1099895823	-0.1522150752	-0.3522000312	0.1171634796	-0.1687480862
	0.2235129519	-0.2146351391	0.2159002428	-0.2405213091	0.4650870218
	-0.3011985847	0.1293321514	-0.1902886624	-0.5661178792	0.2462258132
	-0.2781611661	0.2384977389	-0.2870011031	0.2542430327	-0.3247456266
	0.1307572568	-0.2218018246	0.145470329	-0.233599575	0.08661432089
	-0.1650542999	-1.606953492	0.1888652538	-0.2790956358	0.2083424913
	-0.2907946794	-1.111304005	0.346334322	-0.3953737715	0.2623491404
	-0.339190332	0.2700235132	-0.3500395721	0.7137933089	-0.3107848
	1.038413015	-0.07681855464	1.036117667	-0.03325222492	0.004073941585
	  1	4.509257154e-034	-0.05575122044	1.034823874	-0.01143535754
	1.075377725	-0.05631683677	1.055721234	-0.01359097431	  1
	1.619330192e-033	1.088514407	-0.1187109198	1.041275931	-0.1758387135
	0.9264903373	-0.1937051576	1.000244928	-0.1317800525	0.05675588212
	0.9531207042	-0.2622874573	0.8419054072	-0.3184094857	0.7803940794
	-0.2518242663	0.09832809529	1.057277469	-0.3133889191	0.1765241654
	-0.03850892382	-3.991706663e-032	2.258706985e-032	7.833225035	0.1544466733
	-0.007773766736	-1.04267494e-016	3.132597828e-017	0.3900676185	-0.3141328271
	0.3464233069	-0.2126397179	0.4370521865	-0.2846065054	0.3368495955
	-0.2632473085	-3.195631032	0.3203836307	-0.07302993442	0.4537040989
	-0.1730778979	0.4472342959	-0.2340034493	0.3493074253	-0.1463091884
	0.8301693192	0.4386830988	-0.3519732055	-2.428112203	0.5378476894
	-0.3692916233	0.4789683866	-0.3310943452	0.5001950223	-0.384291127
	0.2499431782	-0.3343087581	0.2009482545	-0.2945862123	-1.738049105
	0.2064863329	-0.3012396532	0.2854506025	-0.3644987941	0.3284819938
	-0.3936715229	0.2066105099	-0.3021326205	-2.705953519	0.1682089292
	-0.2676367372	0.28503371	-0.3607962396	0.2563483606	-0.3420737434
	0.1572118465	-0.2578051546	0.203031589	-0.2997762986	0.1206070963
	-0.2186071018	-2.683322678	0.253636499	-0.3410700125	0.2149855162
	-0.3090376921	-2.03572644	0.3035348724	-0.3773352243	0.3407183221
	-0.3930046587	0.3805914151	-0.3863963952	0.4051688145	-0.4060915903
	0.2840509324	-0.341620698	-3.211043139	0.2945162716	-0.3558047485
	0.3072308643	-0.3691150657	-2.669132055	0.3964630392	-0.4188837707
	0.4053756316	-0.4166033421	0.5172870286	-0.4192409747	0.5733742728
	-0.446425469	0.501940526	-0.4403537374	0.4839976406	-0.4221780666
	-2.326685312	0.6486223418	-0.4276208515	0.6101340952	-0.4406755987
	0.5915864941	-0.3997526728	0.5560634698	-0.4125663294	-2.024182696
	0.3498006185	-0.3761250485	0.3865685211	-0.4150925217	0.4698672598
	-0.4509597185	0.296081204	-0.3509048718	-0.7446895116	0.507945363
	-0.4539188653	0.6123073709	-0.4709106945	0.5665276074	-0.4277950186
	0.3965387924	-0.3888998908	-0.3981281712	0.6188315705	-0.3583523247
	0.01135809914	0.5049329487	-0.362497273	0.372126723	-0.3352661455
	-0.2131817354	0.3803168375	-0.3611348515	0.7831111528	-0.3867981344
	0.6950359054	-0.4264440522	0.5870882066	-0.508977701	0.5077032568
	-0.4844444299	-0.7036177617	0.6064070599	-0.5326720419	0.3359180219
	-0.3955378718	-1.188453601	0.685313888	-0.5550501351	0.4265886546
	-0.4475404016	0.3983253669	-0.4366982639	0.5250867348	-0.5013269009
	0.6124606316	-0.5400321296	0.4421590737	-0.4622039599	0.6181279654
	-0.5419394295	0.5806455371	-0.5262549458	0.4783102162	-0.4810322423
	-1.203582268	1.082807663	-0.4452004744	1.104566122	-0.3860331983
	0.9468285899	-0.3908319245	0.08667349874	0.8991253509	-0.4527553352
	  1	1.425552201e-033	-0.1364580354	1.099276514	-0.0226622568
	  1	3.262229077e-033	1.102667602	-0.01356162056	1.153697474
	-0.1497061962	1.193449373	-0.08088667753	1.135728272	-0.07545793045
	0.003856814449	1.165216286	-0.287391107	1.208920893	-0.2231678044
	1.204271847	-0.1211772928	1.106961739	-0.2321180888	0.08232963907
	  1	2.109369363e-033	-0.1756579799	  1	-2.138581205e-021
	1.113225299	-0.009400170319	1.14301364	-0.02013586349	1.246520472
	-0.3525863218	0.1241500148	1.266111421	-0.4175401028	1.298609942
	-0.270731345	1.362265476	-0.3488756692	0.4324975019	-0.1113416156
	0.4351597844	-0.08179447268	0.2901031579	-0.02785992956	0.1319646437
	-0.003714230783	0.2936243873	-0.03788282338	2.465802752	0.1494217451
	-0.00696421459	-4.988460883e-017	1.229547413e-017	3.196534024	4.730874753e-017
	-8.438773945e-018	0.5535430133	-0.1548591827	0.5239401163	-0.3000916972
	-1.599724445	0.6147818084	-0.3139793011	0.6430101419	-0.2320958678
	0.5392335617	-0.2499752741	0.6287763901	-0.2690029363	0.57861736
	-0.3454294372	0.547454455	-0.1980138369	0.004434685099	0.724256873
	-0.3912710485	0.6851212419	-0.4122563279	0.6644783426	-0.3559410463
	0.6300854694	-0.3820254565	-1.462889939	0.5001459475	-0.4586966606
	0.3712708754	-0.4139061106	-2.156587718	0.4378454511	-0.4523989625
	0.333731288	-0.394584762	0.4830382523	-0.4703846589	0.5515467224
	-0.5116633502	0.4235115147	-0.4378216169	0.4026513693	-0.4394271167
	-1.620985963	0.3031075419	-0.3764509811	-2.091731067	0.4849261641
	-0.47878163	0.355087405	-0.4108013312	0.5832203042	-0.4938709774
	0.5425423451	-0.4908004002	0.4847882607	-0.460318011	-1.98557191
	0.773984405	-0.4201017035	0.6545320454	-0.490816279	0.5199757824
	-0.4558341344	-2.045966497	0.6055579081	-0.4912095741	0.5862551686
	-0.4636352004	0.6971776405	-0.4539492877	0.7582427923	-0.4783893759
	0.7257986459	-0.4915603204	0.6606688439	-0.4651135303	-1.629830504
	0.8354127847	-0.4493184338	0.7959339674	-0.4645759071	0.7367339199
	-0.4383861155	-1.253452032	1.064324248	-0.5198023345	0.9377842656
	-0.5602657773	0.7457444726	-0.5602904702	0.6524941628	-0.5192376402
	-0.3196466063	0.7485390667	-0.5211811588	0.8214142996	-0.5031739154
	-0.05303295928	1.055158896	-0.5587666241	0.8741380843	-0.5805594437
	0.8058697333	-0.5959608297	0.866773886	-0.6025479372	-0.3326416765
	1.019028856	-0.6348902821	0.999869129	-0.615090234	0.7391281356
	-0.5801723113	0.7650797885	-0.5904820203	-0.8119262112	0.9139835016
	-0.62432428	0.9732820333	-0.6348722407	0.8838689316	-0.6204684995
	0.7340926874	-0.5808477175	-0.6634766495	0.7468595536	-0.5866002473
	0.6562529242	-0.5448534362	0.7112951189	-0.5681745252	-1.058088438
	0.9002859336	-0.6175944329	0.8251279136	-0.592561814	1.41396633
	-0.4170613283	1.276760767	-0.4879683601	0.1315868944	1.310111967
	-0.5315945475	1.450530168	-0.4965376775	1.561391298	-0.397213529
	1.178282797	-0.01494584504	  1	2.900900555e-020	-0.1297214958
	  1	9.3030219e-034	1.146885087	-0.01262411765	1.261709714
	-0.06233361756	1.354356038	-0.1171478848	1.292376737	-0.1310657703
	1.379664103	-0.2499693117	1.248977728	-0.07639070697	-0.0003419950509
	1.392298948	-0.1918850018	1.297253558	-0.187340849	0.06152603412
	1.379361372	-0.1008000475	1.315913473	-0.05560184406	1.256144355
	-0.04553819377	0.01244514059	1.571672926	-0.328932282	1.508925698
	-0.2518626667	1.478302813	-0.3232979635	0.1895976043	0.6516253835
	-0.1917771871	0.4250967955	-0.05843716666	0.5632269058	-0.09550851442
	0.6744854315	-0.1674686477	0.5570472893	-0.1227462535	1.317685717
	-3.275966297e-032	2.384737596e-032	0.1326304431	-0.002312775351	-2.008186308e-032
	1.448952427e-032	0.1379198726	-0.002824623376	-2.730620075e-032	1.961335581e-032
	2.960472723	0.1398243767	-0.004646824016	0.2774608784	-0.01332961799
	0.2934609511	-0.02199472679	2.783243815	0.4389722233	-0.04720082287
	-2.236644311e-017	2.291036882e-018	3.138976395	0.8714881121	-0.4305521146
	0.7557888138	-0.2313852261	0.8161550045	-0.3031475089	0.7155177572
	-0.2924308518	0.7999944554	-0.3325488694	0.8541412568	-0.3695624469
	0.7570433029	-0.3650208506	0.7304995625	-0.2597863394	0.02665085106
	0.9005975387	-0.4043184098	0.6981071551	-0.3251533935	-0.6474296859
	0.811660174	-0.3984606531	-0.7850380298	0.9560249837	-0.4345950841
	0.8154135904	-0.5483881485	0.7319289473	-0.5198381793	0.6839129689
	-0.5207127225	-1.493161694	0.5949994174	-0.5164148518	-1.518778862
	0.7800420959	-0.5723749409	0.7588213544	-0.5519114238	0.6343531316
	-0.5202934949	0.8174189274	-0.5027413517	0.9143858892	-0.5212909698
	0.8676861226	-0.543333996	1.015490082	-0.46147485	0.9275790616
	-0.4576964827	-0.7069046511	0.7861542744	-0.5144691352	-1.248018318
	0.8514871072	-0.4874109765	-1.026734339	0.8891902356	-0.4737959392
	0.9481379682	-0.5059533269	0.9843576431	-0.4925828183	0.9445120902
	-0.5912678056	1.512699144	-0.5353632253	1.239932015	-0.6001001772
	1.346223065	-0.5727247305	0.1253656425	1.112591474	-0.6128651978
	-0.07503620313	1.446269851	-0.5964600851	1.147097391	-0.6367943858
	1.332059219	-0.6269268934	1.196668008	-0.6538639039	-0.1458664986
	1.32869432	-0.6566318957	1.138049071	-0.6546498969	1.405701482
	-0.6423998833	1.286383433	-0.6561392546	1.081680063	-0.6103142469
	1.066728445	-0.6452400657	-0.4407737644	1.188804785	-0.6470927015
	0.9509846258	-0.6082203504	-0.7661916208	1.012482163	-0.6314580885
	1.148621074	-0.6304591835	1.630610562	-0.5443089725	  1
	-9.587243394e-020	  1	-4.81864984e-035	0.01518297916	1.218290915
	-0.01751359737	1.248127483	-0.01773056566	1.785289773	-0.4240475831
	1.678260612	-0.3992274617	1.74843022	-0.4885568717	1.643952765
	-0.4730211243	0.3246059278	1.673212858	-0.3230384261	0.3404520029
	1.451191514	-0.06896615499	1.779487305	-0.3435650438	1.714212313
	-0.2685032244	1.38677674	-0.06368855887	0.179993497	1.490187801
	-0.1752919256	0.1644296065	1.55924712	-0.1260883045	1.597910082
	-0.1947801454	1.465723316	-0.1188656099	1.587454498	-0.2439695198
	0.6813370557	-0.135360272	0.7790386417	-0.2068651074	0.6807337006
	0.8089495127	-0.1749568471	0.9003126894	-0.2443062555	0.8423393027
	-0.2759391635	-3.653889811e-032	2.795299703e-032	2.931669753	0.1603272338
	-0.001858116152	-3.825548301e-032	2.942559295e-032	0.1278466143	-0.001478254551
	0.5726397034	-0.07736724308	1.866613943	0.2942859133	-0.008770915512
	0.4290987239	-0.02581654418	0.4150323339	-0.03093806619	0.7127268973
	-0.1152067167	0.5744350567	-0.05991355425	0.2691070375	-0.009614214802
	2.673047051	0.7120436798	-0.09057197999	1.079591121	-0.4029431294
	1.039196154	-0.3723650172	0.9544825452	-0.3048109885	0.984022527
	-0.409010446	-0.31168499	0.9407372273	-0.376604035	1.043042269
	-0.4386575723	0.8942921652	-0.3392164509	-0.1424433828	1.134627467
	-0.4315015748	1.067577984	-0.4948799119	1.098324289	-0.4639068403
	-0.3103818192	1.185348129	-0.4726982145	0.9422425605	-0.5669489705
	-0.8899108456	1.155067209	-0.5023073275	1.186420098	-0.5344797188
	1.087822083	-0.5878390151	1.136113091	-0.5619167442	0.9873111577
	-0.5479490854	1.037630968	-0.5210530915	-0.613291293	1.26698628
	-0.5755768965	1.273936738	-0.6222608906	1.419388219	-0.5830889281
	1.218376195	-0.6003941806	-0.3606955443	1.703500585	-0.590227116
	1.53479158	-0.6316029753	1.739814179	-0.5536987192	1.573766351
	-0.6046682515	0.2467392405	1.581468629	-0.6235141124	1.680875332
	-0.6062411414	1.407942688	-0.6456266301	1.476756684	-0.6442192155
	0.07768938773	1.323890171	-0.6360213413	-0.1847084533	1.459082284
	-0.604467322	1.522747986	-0.61833219	  1	1.1379799e-019
	0.2924228756	1.28716693	-0.01913530856	  1	-5.131932055e-033
	1.273746798	-0.01388065077	1.868346958	-0.4863766651	0.5523787726
	1.981217905	-0.4427959469	1.868892744	-0.5235185529	1.901725488
	-0.4197380311	1.519760867	-0.07158903228	0.5030147129	1.545679497
	-0.06305491404	1.733317913	-0.1322701787	1.649149397	-0.1346846733
	1.822964113	-0.2776101425	1.898375147	-0.3509901213	0.6298395457
	1.720899788	-0.207472842	0.4680730237	1.992833305	-0.3763861982
	1.82372514	-0.2108456186	1.937696938	-0.278081415	1.095867944
	-0.3410734052	0.8384658886	-0.1510299881	1.314914247	0.8481289189
	-0.1250674255	0.9922777086	-0.1731275284	0.9303589348	-0.2120440481
	1.01019561	-0.2745134769	0.5760632295	1.166314929	-0.2991571563
	1.072410289	-0.2258481904	0.1843446635	-0.001569479454	7.232108972e-017
	3.31211139e-018	-3.773892218e-017	-1.183396824e-018	3.006809021	0.1562097379
	-0.001315114854	0.3200420487	-0.008291257471	2.688215541	0.4897797806
	-0.02062872265	0.4453408546	-0.02125410113	0.3415420029	-0.007184075951
	0.7261143139	-0.07597289691	0.5812192999	-0.04804197293	2.204976486
	0.6159467953	-0.04213997379	0.9136661665	-0.09628499789	1.00272166
	-0.1478809326	0.7542377994	-0.06455219649	0.8595832823	-0.1056411536
	1.766608481	1.391580502	-0.4517899671	1.470680417	-0.5524896936
	1.220360441	-0.4420241213	1.169228132	-0.3966909923	0.1393411305
	1.266764835	-0.4794776775	-0.01837636481	1.294210374	-0.5138760693
	1.240804291	-0.3547681942	1.415834062	-0.4869651854	1.349443932
	-0.4144229566	1.319637894	-0.5420576905	-0.1105475399	1.559925771
	-0.5026708564	1.651691051	-0.5766948831	1.930672218	-0.5165844033
	1.709302616	-0.4980350588	1.86543195	-0.5284570367	1.838539158
	-0.5116901588	1.600079849	-0.5538548588	0.283266362	1.849162089
	-0.5511254286	0.5318786771	1.784464014	-0.5745598056	1.694512215
	-0.5880787141	0.3410104932	1.999212589	-0.4712147113	1.256483911
	-0.007192707217	1.306152302	-0.01386736921	  1	-1.414956716e-032
	0.7468443842	  1	-1.848062843e-032	  1	-3.685347691e-032
	1.278417534	-0.006414311064	  1	-2.074479407e-032	1.394296166
	2.080592407	-0.434156923	1.553078004	-0.03869083567	1.56174362
	-0.05274705461	0.9196995534	1.745876877	-0.0815003268	1.782173378
	-0.1185038635	2.084063348	-0.3848787261	0.9785833306	2.046695367
	-0.2934664548	2.151721731	-0.3576813279	2.143421312	-0.3016716093
	1.928017957	-0.2029104267	0.9388980464	2.043260205	-0.2194864805
	1.942864686	-0.1551232078	2.14701477	-0.3903021844	1.051007844
	-0.1324539274	1.316070909	-0.2243137351	1.394814574	-0.2797970056
	1.307140823	-0.3167754446	0.7602962571	1.131419958	-0.1898768483
	1.343071311	1.226134589	-0.2537933277	1.415241093	-0.3765632587
	1.217195611	-0.1652537538	-2.963462706e-032	2.378194997e-032	3.188176454
	0.180836194	-0.001177601348	0.2766994572	-0.002366047462	-4.48345972e-032
	3.95773655e-032	0.7155734484	-0.03500551819	0.4526437043	-0.00811086848
	0.8157737778	-0.06203890672	0.3638767555	-0.006618677279	2.840473897
	0.5044775566	-0.01688442963	0.65246968	-0.03799213207	2.37823336
	0.5775927519	-0.01762351264	0.8699262436	-0.05451334071	0.9679326344
	-0.08916785139	2.045828739	1.143935338	-0.1196841198	1.055863984
	-0.08132270184	1.500385787	-0.336483725	1.638318771	-0.3600609678
	1.671751185	-0.4352600125	1.507035099	-0.4241244006	0.5184077517
	2.12829429	-0.3858227941	1.810976508	-0.4370251031	0.8363253713
	1.943273977	-0.3808397905	1.789792062	-0.3756257939	1.930255307
	-0.4592454664	2.042683293	-0.4033774244	2.013028599	-0.4600537383
	0.9280324014	1.298609529	-0.00628944788	1.687526689	-0.0371306338
	1.750061472	-0.0611467039	1.524862665	-0.02575628965	1.566479616
	  1	-4.209293886e-032	1.373200864	-0.005570845462	1.476097438
	-0.01253500647	  1	-2.462007077e-020	2.32169532	2.269606967
	-0.2631929231	2.214278957	-0.3204977729	1.390934239	2.203441623
	-0.272981467	2.226969182	-0.3238433109	2.240501936	-0.2237609334
	1.923237163	-0.1090457744	1.47576616	2.150683135	-0.2233460761
	1.431942462	2.061136964	-0.163152178	2.067457771	-0.1240925062
	1.899618182	-0.07457867019	2.183239637	-0.1745779844	2.154650643
	-0.3277664656	2.219934469	-0.3162938041	1.56657903	2.287555108
	-0.2607462138	2.263194024	-0.2583363143	0.2721004478	-0.001773847175
	-5.273820155e-032	4.849512123e-032	3.490807757	-5.098443578e-032	4.923125702e-032
	0.3550511455	-0.00247629199	1.626523322	-0.2817012713	1.394352812
	-0.1963374329	1.479439397	-0.1510770003	1.559103672	-0.19205371
	1.222379138	-0.1062119617	1.301136654	-0.1472379071	1.838371825
	1.477569256	-0.2489951581	1.335805493	0.6562651355	-0.01811024183
	0.9157357079	-0.02741888044	0.5374352108	-0.009640780092	3.049416138
	0.9676617317	-0.05326761102	1.190639661	-0.05887092239	0.7784343677
	-0.03312254135	2.604833708	1.024676801	-0.04240984197	1.142521162
	-0.075358716	2.39885629	0.6098074991	-0.009776198278	1.411590163
	-0.1152431659	1.91073471	-0.240398801	2.057947263	-0.2580535476
	2.195834439	-0.2605279544	1.754581694	-0.3053652823	1.327256439
	1.703847387	-0.2218217083	1.924623928	-0.3243588704	2.056336272
	-0.3294443182	1.454685117	  1	3.293691285e-019	  1
	-6.898528945e-032	3.590976361	1.388678747	-0.004359253478	1.361298881
	-0.002516198608	2.049607453	-0.08403806444	1.844293139	-0.04631244539
	2.292250401	1.785378972	-0.029169437	2.027583317	-0.05930956668
	1.706782649	-0.01761420629	3.179347555	1.980384343	-0.0392486755
	1.914900853	-0.0242726548	1.698249109	-0.01152470288	2.195673934
	-0.09500787019	2.3079968	-0.2093345184	1.990257585	2.32466197
	-0.2139776399	2.305206149	-0.1326600099	2.272926876	-0.1691173594
	2.193212264	-0.1298342487	2.129909387	2.346421688	-0.1630071588
	2.198929382	-0.2056427943	2.358427647	-0.160653336	2.295125023
	-0.2048711166	2.258825355	2.293117308	-0.1495729618	0.3499109578
	-0.001807042283	0.9732716915	-0.02493455642	0.7403186267	-0.008322780747
	0.6805934115	-0.00962158495	3.430830533	-5.367406964e-032	6.482711734e-032
	2.74496467e-017	1.600677889e-019	3.966107705	0.4223054494	-0.002572838993
	1.020131616	-0.01984516085	1.450067452	-0.09075311469	2.172713263
	-0.1411740662	1.600130497	-0.06556858225	1.312936511	-0.03485582979
	1.762141053	-0.1017833405	1.637813297	-0.1514944026	2.168611238
	1.86608037	-0.1779138374	1.242741239	-0.04806345905	2.968526095
	1.970514347	-0.1214345464	2.044362899	-0.1928686249	2.221375458
	1.370845423	-0.00198563965	  1	-6.505834515e-018	5.259648248
	1.352002933	-0.001294356041	  1	-7.722270363e-018	1.681549934
	-0.007923481174	4.674609105	1.910313805	-0.01678761165	1.894325239
	-0.01071149345	1.6726749	-0.005615903999	2.145709567	-0.04395432128
	2.292630571	-0.06355814378	2.311465286	-0.0956863176	2.18116947
	-0.06758919391	2.986867943	2.368802554	-0.121190767	2.087955004
	-0.01869590003	2.092614414	-0.02922649693	4.118498136	2.26401803
	-0.04294257733	2.224058422	-0.02912771101	2.379284732	-0.08262657801
	2.39861713	-0.08562358443	2.372021506	-0.122715252	2.834420022
	2.115941579	-0.09440970054	2.274847917	-0.1063982176	3.239084
	2.219154224	-0.06556586256	2.344039554	-0.0780403197	0.7766990256
	-0.005633057858	0.4013410517	-0.001622370491	-4.032835247e-032	5.994604881e-032
	0.7995941564	-0.008844713758	4.074806083	-5.938335147e-032	7.524816904e-032
	4.656777634	0.4165849577	-0.002097915137	1.111484939	-0.0168351141
	1.085085998	-0.01166861429	1.832052965	-0.04145196313	1.387718435
	-0.02662799412	4.006943452	1.654995222	-0.04764573996	1.367427934
	-0.01928701032	2.025859088	-0.05472305055	1.882709966	-0.07513148828
	3.355314101	1.602601365	-0.02722128161	1.356110602	-0.0005915134998
	1.468918316	0.001181718021	  1	-8.23961129e-032	1.886446853
	-0.006895306016	1.755432168	0.0007071302335	1.659167845	-0.003354002102
	6.343413177	  1	-1.104977589e-031	7.11192012	1.461167336
	0.003588415191	1.413413782	0.00682593165	  1	-3.01092141e-018
	  1	-1.386139223e-031	9.072251394	  1	7.280500984e-018
	1.389298049	0.009343373262	1.31642881	0.00871825596	  1
	-1.732998111e-018	10.75338186	2.306567592	-0.05201686052	2.218276513
	-0.01757755653	2.073136949	-0.01112239163	6.046054771	1.967690245
	-0.0001500478414	2.208419746	-0.004522820997	2.412824298	-0.03855666994
	2.369062548	-0.05631407993	3.992459832	2.408414964	-0.03883422856
	2.391120762	-0.05835264716	4.308295776	2.322876394	-0.02607100541
	5.356220074	2.320197861	-0.01179892336	2.396972279	-0.02536385917
	2.350255355	-0.03881143605	2.351861527	-0.03923210714	2.408685675
	-0.05946195758	-5.611075275e-032	1.072064957e-031	6.510427045	-6.081586744e-032
	9.775806101e-032	5.709143752	0.3592766343	-0.0008148069018	0.3955452534
	-0.001334240247	-3.262056111e-032	5.659372972e-032	0.356346677	-0.0006477693649
	-5.190553833e-032	1.010146456e-031	1.990810216	-0.03585604048	2.221255495
	-0.03304147141	2.016354084	-0.02603820256	2.151365423	-0.04319114643
	4.726841143	1.054193817	-0.008093325403	0.7580784128	-0.005162391456
	5.284379907	0.7197907458	-0.003583369458	1.352083758	-0.01552172179
	5.201353056	1.07195183	-0.009943156153	1.586361689	-0.02186054223
	1.334657279	-0.01202098823	1.569352488	-0.0169465682	1.79145016
	-0.02861868255	4.996538157	1.824017286	-0.02052484635	0.3190709651
	0.0005081005373	0.3550042209	-0.0003344235452	-3.096854615e-032	6.077765427e-032
	6.899996579	-4.026608404e-032	8.344214449e-032	  1	-9.851006415e-018
	1.290459747	0.009999360805	  1	1.336051256e-019	11.91001795
	1.284488083	0.01188685197	1.255482354	0.01211151664	  1
	-1.173856381e-017	1.217023993	0.01076001515	  1	-8.301820318e-018
	12.76099358	  1	7.493724528e-034	  1	-1.470269153e-030
	  1	-4.308441511e-031	14.68666123	  1	-3.645216888e-034
	14.68369319	0.9986893457	4.490868576e-034	0.999845807	-3.387282671e-005
	2.113943296	0.01308788845	1.834834805	0.009524811118	8.058755843
	1.786867207	0.02052858202	2.052971188	0.03531455686	1.722086103
	0.03189205893	9.861240289	1.55601563	0.03611466386	11.13033212
	1.781635358	0.07980385578	1.876062872	0.07393577745	1.987665853
	0.05833465315	1.640992256	0.03501918677	1.531341676	0.04119298555
	2.388858719	-0.02082047683	2.109961031	-0.01467331347	2.210676394
	0.001153565912	2.284708353	-0.02001560102	6.019697826	2.335802028
	-0.001578412302	2.412026293	-0.00356433785	2.30569399	0.01147525176
	7.270316902	2.38205714	0.04037932597	2.263223335	0.04468549103
	2.395078007	-0.004319094779	2.422698376	0.0152219515	2.422578553
	-0.02065033664	6.005273204	0.6855840447	-0.001999712655	6.525400402
	0.6513073564	7.034021742e-005	0.9836597862	0.001158035523	1.020862231
	-0.004524945552	1.798907809	0.01028706179	1.86320153	-0.009453222763
	6.307669153	1.321139035	-0.008307936784	6.140502004	1.286610568
	-0.001423775249	1.534182102	0.002890466567	2.003323364	0.007448386997
	1.614957936	-0.009792482925	0.3446523678	0.001870940866	0.3484496649
	0.002810513505	-4.643770722e-032	9.859523943e-032	0.32063456	0.0008880675426
	-4.764128482e-032	1.005586759e-031	7.079177692	0.6217003588	0.003529168075
	7.051327685	0.6475714524	0.006901192036	0.9597063957	0.007962326167
	1.50182881	0.0453118626	11.94342284	1.739311994	0.08958641254
	1.441927829	0.04349549623	1.647016891	0.09036226372	1.857275618
	0.1461083263	1.572841234	0.08708408577	1.190126621	0.01013157588
	1.513131426	0.08541827259	  1	7.286965574e-018	1.235218347
	0.01973618018	1.401409762	0.05649955154	1.384321958	0.04032870243
	12.72454137	  1	-2.645256018e-031	13.39127193	1.199348053
	0.01813809605	1.190773858	0.01986602554	1.155246273	0.01495595699
	  1	3.665767823e-019	13.84656844	  1	-2.815424186e-031
	  1	1.699809256e-021	14.68287664	1.000879505	0.002021620412
	0.9883051706	0.01047799355	0.9849373924	6.56437231e-019	  1
	-2.561982333e-022	0.9987384713	-1.123663716e-033	14.68795216	1.003048688
	0.00387224395	-4.606147265e-017	-1.062882343e-019	7.136608966	0.1715229217
	0.0006718528203	-3.117110961e-032	6.378695379e-032	2.08853664	0.1158650183
	2.191700675	0.08358734858	9.152273278	2.141026223	0.1961617219
	2.25851365	0.1537807862	1.959085265	0.1358768979	10.88021932
	2.336744101	0.09189585322	2.006610631	0.2029951395	2.408200919
	0.05557867299	2.33238242	0.0693335629	2.279283258	0.03306771464
	2.375809277	0.02820705551	7.143881548	1.956005536	0.03942668748
	2.212524159	0.07653177961	2.035704782	0.07229408483	2.127826883
	0.03543077053	7.164741374	2.4053179	0.08446785803	8.150995137
	2.357371768	0.1641289804	2.379719563	0.1553997945	2.379902817
	0.1104629775	0.1737524236	0.00108189407	0.5544302795	0.01570827335
	0.5153899671	0.008644775358	0.3408921363	0.005967861357	0.3441111922
	0.004487512247	7.258716056	0.7153113159	0.02099838549	1.844471309
	0.07585151186	1.549172294	0.0571348202	1.263031402	0.01354365749
	7.037559434	1.518760756	0.02509340076	1.023092454	0.03626650232
	1.743399138	0.03973862913	7.282137266	0.6776531193	0.01214109546
	7.305607497	0.9865498488	0.01481964911	1.290269382	0.03374714663
	2.147759889	0.2774841865	1.751455385	0.1469319661	12.04183479
	1.67627874	0.1465977089	1.892435737	0.2114441163	1.801520778
	0.2186476289	2.073337199	0.3595787301	1.975416643	0.3597666985
	2.011838665	0.2793103291	11.48155738	1.910764902	0.2944859448
	1.281771793	0.05923193612	1.498598096	0.1049051573	1.652174272
	0.2163446152	1.716367627	0.2136137004	1.603234151	0.1419135724
	12.76123697	1.399017455	0.07226504811	13.24967092	1.366087278
	0.07255805031	1.479197337	0.1377281862	1.55951033	0.1691742423
	1.389835763	0.1341981371	1.431771834	0.1325267425	1.333685876
	0.07082851575	13.62153841	1.236730907	0.04898707665	13.92716303
	  1	-5.186729055e-018	14.18905675	1.334408543	0.1138121389
	  1	-2.449173505e-018	1.166432572	0.0286899995	1.246608881
	0.07033126725	1.125695419	0.01258716478	0.8897844325	-3.769836388e-033
	14.78447701	0.9363755534	0.04628010877	0.8728217057	0.03966884741
	0.805164892	1.172900856e-033	1.127617799	0.02294350746	1.117828331
	0.02722710628	  1	-2.566744382e-031	  1	-8.617521682e-021
	14.40152945	  1	-2.775345289e-031	1.070706099	0.0216461289
	1.040823206	0.01159616529	1.081956028	0.01882557845	  1
	2.841259455e-020	14.55274978	1.028080417	0.02038285455	  1
	-2.345389277e-031	14.66171915	0.9524743393	0.07488624754	0.9963708526
	0.04458361365	14.67568	0.994511625	0.08732203967	1.031464307
	0.05798500479	-2.404288199e-032	4.890363212e-032	7.133653372	-2.972212118e-032
	6.109687985e-032	0.1670668259	0.001397059447	0.2791955676	0.005661903274
	0.1703634775	0.001854303192	2.263798994	0.2479833772	10.06681907
	2.199035585	0.3443522	2.319412695	0.2621605208	2.257292405
	0.3373267412	2.268299329	0.3452584822	1.675089959	0.1045491208
	2.124391524	0.3406475652	2.13880703	0.1334432206	2.004843932
	0.1907385481	2.278618441	0.1311360171	8.13384591	1.809587974
	0.1561646321	2.223736074	0.2722621217	2.250321896	0.3222057003
	2.309895832	0.1914690168	2.178194171	0.1917535505	1.941494597
	0.1256344834	7.952382115	2.316707501	0.2536426126	9.157802943
	0.5412351805	0.02422666893	0.4088595984	0.01384133926	0.5578562778
	0.01997377753	0.339523726	0.007569334559	7.220954812	0.9804898698
	0.07531213437	0.7526015243	0.04415252422	0.763489761	0.03565573849
	7.511038272	1.069099105	0.05734070908	1.258722088	0.09722042649
	1.507651685	0.1237409922	1.336323059	0.0724924048	7.683925265
	2.158097233	0.4493953228	2.001667379	0.5245339011	2.099763772
	0.441142816	11.22482327	2.073419641	0.5248516356	2.005283773
	0.4485109317	1.951730371	0.6131360511	1.306694746	0.1369354471
	1.819925232	0.4929470018	1.809112192	0.2957210709	12.41376448
	1.908750301	0.436912044	12.14062062	1.73187078	0.2985578866
	1.795881538	0.4172287496	1.866985574	0.3651037427	1.908783526
	0.5152682174	1.549802561	0.3207860597	1.391478019	0.2707175198
	1.478994786	0.3062816617	1.450103796	0.2048488271	1.396576597
	0.1977820408	13.80970702	1.615036993	0.3741403713	1.65819489
	0.2939978924	12.99944029	1.57998117	0.2500579088	1.507183195
	0.2092669549	13.42462421	1.710150974	0.409828329	0.4300822534
	2.917644127e-018	0.1602139892	5.783605092e-034	15.31256617	0.04371170369
	-1.89233472e-018	0.104463399	0.04284863185	0.2885434674	0.08078175599
	1.23161066	0.09156807822	14.15785301	1.262879935	0.1907435126
	1.187790946	0.08566372219	1.314916804	0.1955527798	0.8236065777
	0.1461215883	0.9160678851	0.1317055096	0.7734361288	0.06779923501
	0.6674622126	-1.678645126e-033	14.9939328	0.5549660227	0.07325011836
	0.8779564793	0.09076274563	14.79698878	0.668970779	0.1132703914
	0.888204542	0.2069652537	1.103367771	0.06904276762	1.147343261
	0.08031341251	14.3942498	1.066887674	0.06003478912	14.55276802
	1.023221553	0.2071313329	0.9631280072	0.2185042416	0.9854545796
	0.1545156745	14.67432484	1.091993497	0.1365997809	1.046930175
	0.114940561	1.200154734	0.166332894	1.150886039	0.1730798258
	0.6007481096	0.2095424706	0.6187716343	0.03931344141	0.3495839374
	0.01147544469	0.485137237	0.02475768883	7.280064239	0.3733922875
	0.01521268603	0.6122154776	0.04656757378	0.48957894	0.02981327308
	0.1093610359	0.0009385825372	0.236637807	0.005301524785	-3.151337217e-032
	6.947070887e-032	7.027566238	-3.222542557e-032	7.08660735e-032	0.1069114063
	0.0007508857151	0.2170035976	0.003710611103	7.089768029	2.198628764
	0.4376492426	10.34828701	2.113544256	0.5256599241	2.121049766
	0.5141148613	2.162740353	0.402031578	9.623731351	2.19443692
	0.429032633	2.075369595	0.4203309869	2.08961602	0.4934475125
	1.996530241	0.5213624704	1.902273223	0.4909783422	1.963018427
	0.4300796419	9.458724149	1.666447256	0.1914906588	8.290018805
	1.66728487	0.2537594756	1.888848022	0.2385247695	1.883034469
	0.3047046145	2.013165492	0.3432465723	1.835514638	0.3923518094
	1.448767859	0.1679461976	2.058422806	0.2702611105	8.76854163
	0.7465785324	0.05551824387	7.565754285	0.9804056315	0.09356857281
	0.7431958848	0.06579245984	0.8759502098	0.09232809842	0.8801761804
	0.1113660471	1.455854993	0.2326667672	1.190532949	0.1326993485
	8.01642482	1.100523052	0.1385239878	1.244835917	0.1796745958
	2.018268918	0.6127491845	1.920202953	0.6717065062	1.939138402
	0.6749249501	2.012334444	0.6092318292	11.23568096	1.86436798
	0.661057083	1.781642563	0.6734732348	1.800578473	0.5716553473
	1.885735307	0.5945972849	12.09659382	1.833992535	0.7412218681
	1.737340058	0.7402742147	1.750223587	0.7777752428	1.821761679
	0.7240401957	11.92783204	1.284426325	0.3167619104	1.356952561
	0.3392636199	13.93883205	1.304426997	0.445051894	1.439259911
	0.3904436328	1.379883258	0.4529764921	1.617245771	0.6377959579
	1.707825176	0.6388432714	1.537565774	0.5793845563	1.720492255
	0.5353121212	12.80457234	1.624779435	0.4914223248	1.468824325
	0.5182119081	1.540200986	0.4408209315	13.43060318	0.4504675272
	0.1625458902	15.11635889	0.4776430562	0.2557439256	0.3419551819
	0.2195900448	0.2328129345	0.1371350079	0.1270279416	0.1531517281
	0.01453805865	0.01826490509	-6.537059867e-037	1.94813239e-035	15.55109383
	-2.83260915e-020	-3.210079329e-018	0.06040084288	0.07089799612	15.40842872
	0.0168358133	0.04877252394	0.0599078108	0.1116949885	1.150592056
	0.4126754117	1.148507617	0.2817453709	1.231730833	0.4054757199
	1.222637002	0.2913588727	14.23346014	0.9768955327	0.3758087793
	0.9182650391	0.2924628947	14.67924055	1.002157809	0.288696566
	0.8634195454	0.3656149084	0.7495959034	0.2238278311	14.88417961
	0.7492459781	0.324720475	0.6593213081	0.2931759117	0.8247745167
	0.2682350847	1.067777881	0.3758723625	1.084874185	0.2616116921
	14.48846511	0.6513565178	0.4119202806	0.5399958663	0.3585729893
	14.98266093	0.3778610385	0.3223470411	0.4834080464	0.4130775628
	0.7439614792	0.07971433071	7.625223941	0.6236241557	0.05716177032
	0.721516779	0.08815402354	0.8377095007	0.1165574859	0.2581932683
	0.007508344755	7.004031742	0.3746760222	0.0181929326	0.2391063564
	0.007152264267	0.1267745845	0.001502573894	0.3594821823	0.01883612301
	0.5965837655	0.06201365499	0.4699731941	0.03752836286	0.4973231631
	0.03679122085	7.235615437	-3.146529885e-032	6.65346815e-032	6.850367123
	0.1048883669	0.00120412519	-2.959367857e-032	6.010908936e-032	2.002791337
	0.5912243676	10.45690879	1.884864671	0.6525466423	1.923032576
	0.66727266	1.932942943	0.5849781911	1.791891954	0.6386688637
	1.728612075	0.5578142011	1.835746511	0.5582808085	9.971490051
	1.770416046	0.4532762709	1.669948184	0.3351751387	8.902513715
	1.50099019	0.2939155797	1.557445707	0.3580684719	1.642564146
	0.432990768	0.8218635907	0.1323373873	0.9329445061	0.1649281762
	8.076101702	1.161957936	0.192583315	1.372007213	0.3082311332
	1.007501935	0.1444445924	8.021185038	1.229467294	0.2567790272
	1.082729544	0.2026978665	1.050322162	0.2203571727	0.9698738084
	0.1534657778	0.9318380085	0.1886973491	1.300705697	0.239064831
	8.502654133	1.656151709	0.7895058178	1.713263857	0.7950990231
	1.835068427	0.7364755689	11.23779412	1.795127197	0.73381747
	1.747978506	0.7911120026	1.666274946	0.7928147772	1.55551336
	0.8134263483	1.658383901	0.740396855	12.62579775	1.561570936
	0.7373954247	1.536162509	0.8626779423	1.551633552	0.8730254037
	1.622717779	0.8468506648	1.661421016	0.8279513169	12.05886339
	1.099029815	0.5287997791	1.20634812	0.6353467642	1.300115922
	0.6658470984	1.282518563	0.5623203693	1.101201521	0.626297926
	1.204374251	0.536118684	14.09549371	1.421646991	0.6508423104
	1.373370845	0.5804401952	13.72169377	1.47598229	0.7207137585
	13.23765349	1.352306216	0.8091811435	1.328216474	0.7421156733
	1.460698364	0.8033836846	0.1838118246	0.2906634441	0.2292047242
	0.2539216723	15.22303758	0.3016551349	0.3507634441	0.1368900528
	0.2160313904	0.06300808713	0.1557530869	15.38114177	-6.112574523e-032
	-9.0316069e-034	0.09089719695	0.2224749616	-7.078451138e-032	-6.484420235e-034
	15.54153955	0.01786333704	0.09893554908	0.01476164615	0.06535946729
	0.2683054266	0.4073889214	0.6165180678	0.4861710579	0.8870796158
	0.4865546806	1.006229671	0.5066265307	14.41681603	0.7855013109
	0.4473794746	14.72954933	0.8570791856	0.5896792524	0.7299858294
	0.5344206037	0.986805924	0.5968922572	0.5167969083	0.542783858
	0.4167991646	0.4641696278	14.98493156	0.3646358149	0.4954950826
	0.7017001753	0.09924570373	7.611410085	0.8196786147	0.1527415995
	0.8085608204	0.1734381648	0.5753449358	0.06644065075	0.6846118595
	0.1105625554	0.2198025119	0.006730424164	6.802707993	0.1084915429
	0.001592782846	0.2029219445	0.006545311059	0.3266102669	0.01779827316
	0.4251140585	0.04023432081	0.3148497219	0.01917307201	0.4428416776
	0.03858525538	7.035225188	0.5524337856	0.07200138424	0.08810794152
	0.001203828128	-2.705202147e-032	4.8160586e-032	6.56839145	-2.375988712e-032
	3.688908231e-032	1.649660513	0.7562803092	1.686417683	0.6488798279
	1.739901829	0.7142441939	10.76186049	1.636033974	0.717140643
	1.604795685	0.5485672769	9.848106377	1.503982507	0.5600541559
	1.561821014	0.6287977024	1.530006322	0.471417065	1.436157169
	0.3847554257	9.102400681	1.306474107	0.3365582509	1.359538487
	0.4111429793	1.419692763	0.4720082387	0.7890713718	0.1863101223
	0.8975634066	0.2524384014	8.503646625	1.222981753	0.3580547657
	1.129541198	0.3260527611	1.050379335	0.2510550791	1.022047752
	0.2991530322	0.8812796866	0.2676394601	1.005493836	0.3219075537
	0.9326537136	0.2182361008	8.36291797	1.157800425	0.2785768523
	8.649409326	0.9148237996	0.2337990197	1.561474338	0.8289593275
	1.464439758	0.8189810571	1.533642856	0.7586202017	1.551106358
	0.7972686546	11.18765086	1.441210276	0.8846182313	1.494157037
	0.8888483219	1.56860745	0.8496096041	11.6429791	1.479608795
	0.8514389621	1.316920591	0.9118235928	1.421764717	0.8744330767
	12.86458956	1.294547374	0.8813361583	1.424636957	0.8994949956
	1.369444705	0.9184703191	1.425713479	0.9103612361	12.39475524
	1.305693972	0.9337589059	1.303370993	0.931342115	1.185239154
	0.9095216715	1.102405185	0.9068237753	0.7914587565	0.6650245133
	0.9523660415	0.6884815682	14.2736888	0.9453065667	0.7560387639
	1.078644375	0.7914852064	1.062427199	0.7213608095	0.8385588884
	0.728818559	1.192640812	0.7385889249	13.83126592	1.189609953
	0.8076401371	1.048051364	0.8532551057	1.181446055	0.8712087652
	13.48622269	1.030099089	0.8882747585	0.1396194812	0.3108422832
	15.24201914	0.03416184098	0.156543118	0.2045224447	0.4030853505
	0.1016928343	0.2926927099	0.01262958678	0.1037510228	-1.157639984e-031
	-3.079690909e-033	-1.120578097e-031	-2.35712227e-033	15.55763621	0.1659555143
	0.3994193341	0.6683089426	0.6764130454	0.5601549073	0.6553220949
	0.3049883032	0.511626243	14.98309465	0.3617722367	0.5815504532
	0.6511027751	0.6161875295	14.66455724	0.4781086219	0.5920104693
	0.2516393735	0.5034120684	0.6703154089	0.1254191891	7.653458539
	0.7257918394	0.2015699019	0.6171594369	0.1215537588	0.7708670207
	0.1960221116	0.5418044911	0.07946411841	0.1858258258	0.006352764979
	6.494512772	0.09175543658	0.001546169782	0.2029018384	0.009302674026
	0.2916109365	0.01878931506	0.4082706216	0.04291891914	6.784335519
	0.3187082155	0.02705792915	0.480389408	0.07153998359	0.7120333148
	0.2187593916	0.7330677828	0.2638162816	-2.058714222e-032	2.199137292e-032
	6.215383296	0.1030620825	0.002134111735	-9.40994773e-017	-1.105419322e-017
	1.51098099	0.7072062119	10.66944592	1.458644496	0.6472739523
	1.424883083	0.7127021884	1.442422787	0.7784441201	1.35299629
	0.7872667808	1.393619917	0.5706446624	10.01283743	1.307253256
	0.5787665592	1.340534329	0.5101111766	1.365300121	0.6453650916
	1.192931496	0.4177711065	1.27852303	0.443550249	9.439214632
	1.249860933	0.5121454226	0.8519943028	0.3079132715	0.963257817
	0.3842641853	0.8649172315	0.284920968	8.800412875	0.9895992509
	0.3408600232	1.073876175	0.4290865947	1.100450352	0.3871996635
	9.258288721	1.16526343	0.4914434525	1.187391015	0.8533576114
	1.307329706	0.8249303431	1.370276981	0.8389461313	11.52380042
	1.333152381	0.8817697911	1.258278251	0.8677167938	1.11577235
	0.8579491042	1.225312892	0.9044335296	1.299075364	0.9115934351
	12.15054491	1.166453725	0.9274875857	1.230952852	0.9348645305
	1.093024443	0.9353992686	1.052871846	0.9474969291	1.075160594
	0.946102406	1.105221057	0.9427480909	1.190950235	0.9363223272
	13.06791026	1.171342711	0.9460507177	12.76238418	1.181506671
	0.9456825083	0.8669216478	0.912332379	0.9270473887	0.9049684842
	0.9717954956	0.9364766164	1.000690601	0.9268637549	13.48323596
	0.7893705212	0.826794326	0.8073971075	0.7862248604	0.8664257638
	0.8786875636	13.88650362	0.6996478781	0.7408916185	14.43721435
	0.5705691764	0.7118872167	0.9366362511	0.8209279248	14.0174283
	0.7372542306	0.8433739827	0.6648179591	0.7719318764	0.804312919
	0.8853800142	0.9050155494	0.8538384463	0.04822745473	0.2368216316
	0.06392767288	0.2549794383	15.33160505	0.0164585264	0.1349812878
	0.1132855393	0.3537917763	-1.015469578e-031	-3.504954429e-033	15.61626823
	-1.238675033e-031	-5.122938957e-033	0.006309141957	0.09115329074	0.09797924432
	0.3487008478	0.2467736134	0.5485147887	0.1602384951	0.4500736841
	0.1929789717	0.4735755467	15.06812483	0.3090084844	0.5798546516
	0.5179746408	0.7257707056	0.388521584	0.6574440907	0.4425404285
	0.6601038009	14.70832422	0.8164778899	0.351932022	0.8383305965
	0.3343707314	9.241686905	0.9026327753	0.4272182198	0.9481344443
	0.4113798581	0.8793068698	0.4480079328	0.6852025573	0.2947339025
	0.783174789	0.4011248998	0.7109808577	0.2798605706	0.7934004653
	0.3719399261	9.678396095	0.5623209065	0.1173236237	7.401898136
	0.1096599457	0.002918168957	0.2243922883	0.01362529744	6.151976165
	0.249438447	0.02157373428	0.3893986555	0.04990395411	0.4307175426
	0.07327328839	0.5859759864	0.1476362188	0.454618737	0.09736497731
	0.5845135298	0.1943117024	0.6116162051	0.187386734	7.918574908
	-3.340285748e-032	3.644063066e-032	-2.939059984e-032	3.644239876e-032	5.357775008
	0.1255790378	0.006396009905	0.6769027458	0.3257138099	1.276905158
	0.6587570334	1.330507645	0.7161387691	10.85861734	1.237180735
	0.8049159193	11.49003118	1.201529013	0.7684724404	1.165054066
	0.8110287229	1.249697625	0.7203504378	1.284550103	0.7629732385
	1.125274111	0.7735006829	1.214207052	0.5872284347	10.29570958
	1.062449314	0.5540664211	1.04414252	0.4760610297	9.912461557
	1.000735392	0.4934250119	1.13406871	0.5369226249	1.146568211
	0.6055578666	1.190553167	0.6586187213	1.041922616	0.844123456
	1.088765332	0.8152865248	11.86374222	0.9864474368	0.8202683677
	1.054599869	0.7887018801	1.003923834	0.894164649	1.072560431
	0.8799998161	1.081104537	0.9159259697	1.141096603	0.8894104111
	12.1970675	0.9286300524	0.8796095838	0.9983850504	0.8667365378
	12.40289566	0.9412738482	0.8452897475	0.9779428284	0.9394329253
	0.951944646	0.9133511493	0.8967992348	0.9187297696	1.029562842
	0.9313520587	12.81118197	0.8216214455	0.9138111315	0.8582218256
	0.9227538795	0.7836048902	0.90802584	0.9380341971	0.9379962035
	13.31229304	0.7317208052	0.8802356305	13.94728776	0.5619040676
	0.7921157888	0.4697901504	0.7315403487	0.6663380415	0.8381379984
	0.6868259737	0.8740132922	0.6045528525	0.8318293059	0.6232007406
	0.7959172518	14.33254694	0.6908152606	0.8783339515	0.3965380034
	0.7025175782	0.008314015255	0.1071772539	0.06763703244	0.3009849942
	0.02920579113	0.2020385927	0.03241431	0.2051863624	15.41750248
	-9.018905582e-032	-4.461048179e-033	15.6916823	-1.175400621e-031	-6.066653451e-033
	0.005103795316	0.08715854969	0.06857392266	0.3135076642	0.1291065829
	0.4273878397	0.3102646647	0.6384695528	0.1253138932	0.4132480236
	15.1759487	0.2141063147	0.5307209915	0.3262173033	0.636698559
	14.77139406	0.2298862087	0.5599048614	0.6684203652	0.3646216322
	0.8242996887	0.5073060324	0.7713061532	0.4323333627	10.24092446
	0.9549346327	0.5126950751	10.34701898	0.7209305438	0.4381664605
	1.017625103	0.573542585	0.9142160775	0.5412528383	0.8674890652
	0.4757869684	0.6121074611	0.3681288775	0.5565381537	0.2020618518
	8.509303534	0.5541928551	0.2360408713	0.4276449501	0.1288558186
	0.270826598	0.0401304092	0.2826811358	0.03371443463	5.733952277
	0.4196250558	0.09333823352	0.1367512259	0.009811241828	-1.164076861e-016
	-4.491302551e-017	-1.112790864e-016	-3.712896731e-017	5.588086716	0.1027444323
	0.001829091186	0.5481801163	0.2774182684	9.744180978	0.4270335389
	0.1642795966	0.4931374979	0.2858951142	0.9468827921	0.7931405385
	1.1622947	0.7234976317	11.15502275	0.9917096851	0.721950044
	1.068101987	0.7044918496	1.018036341	0.7574760087	11.72708682
	1.02036133	0.6534142062	1.09189259	0.7414003034	0.9427709545
	0.75254139	1.120421575	0.6786323128	1.074258656	0.6252374982
	10.77728069	0.9775349923	0.600388203	0.6582910121	0.8611435243
	0.8705696797	0.7860523542	0.8792379168	0.8194247548	12.54824501
	0.8688332322	0.8585619798	0.7885741915	0.7878596663	0.7900324235
	0.8192746187	0.7891613652	0.8542243367	0.8092595306	0.892520065
	0.6988965511	0.8615292774	0.8640602744	0.8860213868	12.9845179
	0.7450315741	0.8575842987	0.6457833598	0.8489377306	0.7647317461
	0.8929488577	13.45464804	0.5407598592	0.8062803833	0.6002388923
	0.8436529847	0.6357678988	0.8588189705	13.96942131	0.5086124826
	0.7978158958	0.5505153593	0.8147440056	0.3898608044	0.7107173686
	0.443573643	0.7542163177	0.4903192855	0.7722345573	14.40068312
	0.4646254552	0.7720506026	0.4697102271	0.7711712988	0.5607146271
	0.8219112943	14.0200033	0.334272225	0.6752716852	0.2564444642
	0.6027868198	0.2945446438	0.6341301429	14.76929357	0.2064331059
	0.5421824548	0.02554477516	0.1977026581	0.006389750587	0.09788692381
	-1.020760815e-031	-6.464967565e-033	0.02607062102	0.196343064	15.5348779
	0.06572711323	0.3131739286	0.004952281774	0.0886108913	-2.021659426e-019
	-2.305645273e-017	15.82618764	0.07119186947	0.3292428015	0.1668323186
	0.495843114	0.1348258601	0.4442430675	15.16912619	0.1157139247
	0.4173013919	0.9191930971	0.6306087558	0.7754502542	0.5146327423
	0.6115856836	0.4652601393	0.6662113889	0.4445464901	11.13286205
	0.5589883146	0.3795767826	0.498049909	0.4066387292	0.870461357
	0.5707086912	11.01996622	0.7265988696	0.5328854311	0.799648902
	0.5852348348	0.4307312486	0.3002004394	10.21432855	-6.076814286e-017
	-2.634854186e-017	-3.887087808	0.2732571215	0.05743401199	3.966503598
	-1.577613311e-016	-7.473663648e-017	0.1377522274	0.008892774126	0.176833916
	0.0515233803	0.3629476986	0.1628103948	0.3688814064	0.3208653636
	0.283122087	0.1999465015	0.44329038	0.7492754746	0.8514937342
	0.6441147285	0.8296831619	0.676666905	0.912827668	0.71578695
	0.7766597808	0.7082264157	0.7752219062	0.7497452489	0.8629634352
	0.7450341174	12.19334786	0.9636809258	0.6807536917	11.40302425
	0.6829638247	0.7102432344	0.4274450951	0.7319908283	0.5195252054
	0.7869632674	14.03372539	0.5675769311	0.8030805847	0.468718917
	0.7499909318	0.6604281156	0.8164443912	0.6881644949	0.7478529078
	13.07231185	0.6953820355	0.7833271001	0.7047228438	0.8124499606
	13.24608793	0.6232087609	0.8171450323	13.63690875	0.5995983669
	0.7139449599	0.5179080557	0.7669732765	0.6037672165	0.7723751141
	0.5862156061	0.7394331925	0.5645017514	0.7750211927	0.3200359507
	0.6653760733	0.29689557	0.6449859406	0.36116809	0.6910758679
	0.3098126286	0.6520078884	0.38112416	0.7106749976	14.50002455
	0.389773656	0.7217701933	14.5013296	0.384201449	0.7177273824
	0.1687225	0.5002294605	0.226901566	0.5725044734	0.2149649578
	0.5593827144	14.98347736	0.1488564397	0.4716585119	0.006048066997
	0.0964791663	0.001502338817	0.05009001148	-8.886393744e-032	-5.970181893e-033
	-1.073696647e-031	-6.812234114e-033	15.97330053	0.03136553364	0.2217790857
	0.06610999615	0.3199890691	0.01567334038	0.1565056721	0.05285659722
	0.2866200953	0.02562530178	0.199656339	15.66156398	0.1070213701
	0.4033023844	0.09580847626	0.3826441365	15.36847996	0.2999352795
	0.3356135615	15.2016647	0.4378316713	0.4252587998	0.2263794246
	0.3281528346	0.1927454627	0.2161421013	0.7235688645	0.5984930216
	11.97100969	0.563177473	0.5644569818	0.7007489816	0.6340958785
	0.3680863908	0.4256508958	0.463336877	0.505188053	0.5535821053
	0.4866909724	11.88263875	0.6440718017	0.5468218979	-6.755154996e-032
	-2.488653653e-032	12.39266876	0.1185510823	0.2158790293	-2.499831657e-017
	-7.826303178e-017	0.04741274733	0.1703914622	0.3400059007	0.6679243105
	14.63499312	0.372707101	0.6859165923	0.2935905456	0.6244639353
	0.2863671526	0.6265122448	0.6804686427	0.6641185347	12.59701167
	0.5444421779	0.5982729757	0.5190957009	0.6211987949	0.5872958907
	0.6737919719	0.4093703636	0.6323556036	0.4330017452	0.6179532932
	0.50611196	0.6722502342	13.80305551	0.4997183023	0.6994252746
	0.4132525346	0.7045413983	14.36350618	0.3607550341	0.659492371
	0.322955193	0.6418175261	0.4504499919	0.7138399411	0.4139555931
	0.6607084455	0.3959125315	0.6679611106	0.4981743065	0.7216571029
	13.97402841	0.2440189151	0.5821798135	0.2442391815	0.5882530442
	14.91500845	0.1762388321	0.5080148184	0.1890017125	0.521485901
	0.1278932636	0.4355888826	0.1220682613	0.4283171624	15.37042593
	0.08282543501	0.3541529618	0.07344864898	0.3357050042	0.001598766327
	0.04996328752	0.0195890468	0.1751787229	0.007684560354	0.1097389481
	0.001712582067	0.05327364242	0.007425467349	0.1090300855	15.91510291
	-1.747980264e-019	9.331396412e-018	-5.27123143e-032	-4.062646585e-033	16.11553325
	-9.675052284e-032	-8.765832215e-033	0.001917391522	0.05278656261	-9.405772979e-032
	-8.429502727e-033	16.26023729	0.02122038243	0.1817846252	0.04377018392
	0.2598785971	0.04006076116	0.2497007447	15.73819906	0.1639300283
	0.3150388993	17.85802541	0.2369404106	0.4349293273	0.135803631
	0.3269953509	0.277829446	0.4258997815	0.3645572838	0.5329649938
	0.3820917507	0.5094301492	14.00395698	0.0777643036	0.2379010687
	-7.872621769e-032	-2.48102085e-032	28.60316908	0.006126172778	0.09225893565
	-7.997484156e-032	-2.286483468e-032	0.02519376062	0.1495399213	0.08126502158
	0.2643133895	0.03514012091	0.1732071428	18.60394242	0.004554908376
	0.07202438752	0.2711249472	0.5896773825	0.1835581263	0.5076780806
	0.1912287352	0.5116469091	0.2465747783	0.5752055612	15.01990469
	0.2153756553	0.5348500055	0.3334018562	0.5696277315	0.3517202654
	0.5522254055	14.70929071	0.2408912684	0.4842059124	0.2377633559
	0.4603338336	0.3112961693	0.5959994958	0.2395035334	0.5055744703
	0.2450200269	0.5262274543	0.2441462596	0.5419547962	0.2387502619
	0.5480152997	0.3223064062	0.5846308406	14.84196825	0.3049562956
	0.606440857	14.84311655	0.1359162264	0.444526965	15.43328844
	0.1379368569	0.4440030922	0.08509390951	0.3559871385	0.09543625512
	0.3729894461	0.04892920781	0.2724535868	15.85695569	-7.931752602e-032
	-7.572618388e-033	0.009320101736	0.1197650042	-9.070937691e-032	-8.588159177e-033
	16.45823624	0.00787360411	0.1108556986	16.1164795	0.02737099131
	0.203305018	0.002305421971	0.05978173288	0.002000400269	0.05537868159
	0.02259429705	0.1865560103	0.05346879072	0.2823567125	0.1270661223
	0.3414104738	17.05339341	0.1421394858	0.3779107869	0.0588118177
	0.2343202816	0.07187073353	0.2688238956	-2.485730867e-016	-1.296289052e-015
	19.63608211	-7.21974741e-032	-2.205910036e-032	0.005886679775	0.06624679809
	0.004359074484	0.05905873736	0.02854927516	0.1708792805	0.01800255157
	0.1305533043	19.08792854	-6.173632403e-032	-6.301771325e-033	16.67467051
	0.002641629161	0.06276904639	0.0009929009906	0.03833335097	1.968250391e-018
	-5.834387517e-018	0.1810633836	0.477066162	0.09473282667	0.3676058444
	0.1093972278	0.3891645391	0.1244777889	0.4084110164	0.1416570388
	0.4290800799	0.1820831475	0.4879726106	15.43153829	0.1413768425
	0.4437166891	15.53659485	0.1594542104	0.4645633496	0.1693962577
	0.4395267483	0.1566388645	0.4102818065	16.13413338	0.09021872339
	0.3119444299	0.1042163789	0.3451908195	0.1371833464	0.4133400853
	0.1202654438	0.380179807	0.1813531596	0.465848257	15.63790906
	0.0415853397	0.2442324918	0.02931006713	0.2082292347	0.0677501265
	0.3098361416	0.007977899136	0.1082125455	0.05965611673	0.2944438054
	15.98182549	0.0114612736	0.1307681195	16.33856879	0.016869757
	0.1570914928	-6.342747269e-032	-4.595299721e-033	16.8727862	-7.445872695e-032
	-4.728119088e-033	0.001162328987	0.04007869101	0.0400380443	0.2084576227
	17.62285905	-6.593590903e-032	-1.940606016e-032	19.27680525	-3.392373969e-019
	-1.38794165e-017	0.003421438881	0.05952134218	0.01020040029	0.09926925463
	0.02213148686	0.1572038164	0.05451840423	0.2501639936	0.001246844135
	0.04188725925	0.005965765851	0.09109095614	0.004806995048	0.08365062034
	16.69956896	0.01270037007	0.1341576195	0.03409526424	0.2005422502
	0.06408209056	0.2880146186	0.1027232384	0.3638284797	16.09288584
	0.04849608174	0.2465903291	0.08926815559	0.3449010577	0.05585646165
	0.2735762597	0.07879489175	0.3284635123	16.07468685	0.04750789788
	0.2569047931	0.0684143947	0.2869462606	16.73177299	0.08587884432
	0.3275352574	0.01546476614	0.1459901802	0.029380531	0.1997364172
	0.02558047091	0.1898462837	16.49047965	1.020447491e-018	-2.273604036e-017
	18.37874094	0.002869901748	0.05501234602	-5.373469591e-032	-6.525192825e-033
	0.001582841534	0.04644484505	-8.195032573e-032	-4.624981777e-033	-3.262308831e-018
	1.974859791e-017	17.16210736	0.01834920121	0.1533102252	0.02243884811
	0.1667035506	0.01140888551	0.1143861584	17.72518898	0.007416512113
	0.0999944499	17.00641758	0.007209906315	0.09720709639	0.03474606142
	0.2123977875	16.75908285	0.01758623477	0.1525851199	0.002348252077
	0.05163608512	0.001809830739	0.04884653369	0.009092649858	0.1036066984
	-6.562467656e-032	-5.888071648e-033	17.9643537	0.001688579967	0.04586383461
	0.001448240375	0.04331082844	-7.995882818e-032	-4.717961695e-033	17.49848122
	0.007149425696	0.09433526629	17.39806674	-7.376971505e-032	-5.224372364e-033
	

10